181 
571 
456 
110 
664 
236 
239 
329 
978 
787 
620 
375 
958 
51 
132 
992 
132 
37 
637 
755 
632 
1072 
70 
583 
680 
865 
594 
332 
1058 
292 
395 
579 
504 
627 
62 
505 
121 
955 
21 
389 
460 
51 
150 
707 
980 
162 
246 
422 
91 
510 
1071 
506 
1071 
265 
833 
528 
1022 
1022 
347 
732 
313 
736 
384 
62 
1066 
219 
971 
632 
230 
344 
22 
114 
810 
40 
284 
240 
692 
562 
392 
172 
283 
336 
731 
607 
277 
677 
92 
821 
962 
1054 
332 
554 
86 
193 
652 
334 
792 
342 
1014 
468 
956 
878 
976 
406 
162 
254 
743 
14 
88 
132 
941 
665 
1015 
57 
742 
669 
299 
613 
301 
70 
799 
178 
883 
843 
359 
262 
456 
872 
292 
819 
819 
1030 
14 
981 
336 
474 
242 
339 
136 
534 
922 
820 
597 
910 
829 
357 
230 
655 
649 
689 
42 
736 
195 
747 
880 
296 
669 
185 
918 
525 
689 
689 
763 
40 
163 
656 
167 
348 
1003 
181 
1013 
458 
892 
740 
67 
974 
499 
643 
121 
314 
716 
199 
957 
988 
930 
46 
312 
669 
656 
2 
473 
900 
859 
789 
810 
152 
15 
50 
963 
754 
825 
323 
995 
26 
212 
91 
789 
1052 
745 
629 
254 
595 
606 
301 
351 
1015 
305 
348 
121 
65 
120 
743 
128 
346 
65 
329 
181 
223 
666 
865 
68 
420 
587 
972 
239 
328 
5 
473 
300 
732 
304 
420 
402 
498 
728 
121 
46 
759 
408 
999 
939 
1052 
97 
50 
494 
188 
212 
143 
456 
762 
768 
62 
1067 
53 
688 
65 
583 
471 
395 
523 
602 
976 
136 
614 
419 
316 
516 
792 
865 
339 
792 
727 
1037 
878 
383 
283 
669 
194 
584 
722 
298 
883 
128 
365 
360 
1072 
239 
360 
705 
51 
173 
332 
63 
748 
984 
384 
318 
737 
1072 
1064 
883 
648 
7 
60 
179 
1064 
669 
711 
306 
627 
583 
430 
466 
583 
727 
913 
162 
501 
393 
211 
456 
45 
883 
91 
696 
125 
134 
200 
804 
1052 
845 
651 
97 
431 
792 
456 
694 
792 
167 
416 
945 
316 
723 
853 
469 
981 
809 
145 
945 
145 
821 
470 
68 
729 
371 
512 
961 
818 
917 
864 
348 
217 
127 
817 
655 
716 
506 
732 
594 
506 
1030 
1054 
8 
284 
134 
1044 
929 
51 
415 
316 
1003 
799 
583 
328 
510 
737 
720 
226 
239 
409 
38 
286 
242 
13 
219 
828 
755 
394 
455 
399 
528 
830 
270 
265 
625 
890 
417 
416 
269 
176 
729 
295 
47 
504 
882 
91 
545 
354 
256 
792 
188 
343 
643 
279 
646 
594 
316 
633 
962 
292 
579 
226 
557 
791 
892 
650 
602 
577 
653 
399 
503 
884 
1038 
777 
504 
307 
97 
1004 
1014 
483 
40 
892 
727 
1028 
922 
627 
322 
989 
99 
569 
736 
212 
400 
420 
650 
474 
711 
803 
1055 
256 
798 
888 
494 
493 
883 
831 
755 
99 
385 
809 
878 
984 
68 
483 
134 
146 
67 
391 
626 
483 
723 
327 
737 
450 
569 
450 
376 
584 
14 
376 
755 
99 
365 
495 
332 
935 
276 
313 
301 
511 
1050 
322 
230 
1065 
9 
796 
747 
85 
65 
893 
99 
106 
43 
649 
796 
817 
583 
376 
919 
109 
809 
21 
470 
460 
33 
426 
5 
1071 
72 
1012 
332 
720 
804 
663 
91 
332 
421 
918 
703 
72 
74 
800 
470 
328 
666 
518 
800 
830 
770 
469 
471 
944 
197 
940 
1062 
158 
1074 
270 
904 
554 
692 
947 
283 
1072 
239 
401 
212 
232 
589 
588 
829 
710 
47 
277 
775 
211 
360 
34 
664 
1041 
988 
727 
799 
391 
956 
