181 465 226 
571 56 262 
456 696 189 
110 682 768 
664 1041 254 
236 838 381 
239 829 296 
329 86 628 
978 594 903 
787 342 865 
620 499 935 
375 410 668 
958 101 871 
51 506 379 
132 843 688 
992 1003 956 
132 1004 723 
37 943 946 
637 66 657 
755 893 510 
632 67 729 
1072 583 541 
70 621 219 
583 1072 295 
680 205 231 
865 1052 97 
594 345 136 
332 962 883 
1058 901 954 
292 128 466 
395 737 789 
579 316 59 
504 388 670 
627 181 292 
62 956 384 
505 450 989 
121 245 413 
955 765 1037 
21 400 541 
389 397 544 
460 754 602 
51 173 925 
150 494 810 
707 532 230 
980 559 150 
162 664 270 
246 316 245 
422 791 265 
91 554 81 
510 893 755 
1071 547 47 
506 387 13 
1071 384 986 
265 219 65 
833 268 323 
528 29 81 
1022 57 318 
1022 359 348 
347 96 792 
732 265 316 
313 972 415 
736 1054 224 
384 583 541 
62 384 962 
1066 243 1011 
219 224 528 
971 837 643 
632 496 111 
230 99 487 
344 593 280 
22 119 65 
114 742 28 
810 559 404 
40 465 31 
284 560 408 
240 360 377 
692 879 506 
562 745 705 
392 705 625 
172 444 600 
283 988 341 
336 199 134 
731 525 194 
607 341 383 
277 793 904 
677 594 939 
92 829 1064 
821 764 156 
962 301 224 
1054 1003 121 
332 122 883 
554 743 782 
86 514 922 
193 594 61 
652 281 416 
334 594 501 
792 743 1062 
342 456 1002 
1014 580 1002 
468 487 420 
956 1033 307 
878 913 385 
976 532 43 
406 564 667 
162 763 688 
254 379 1001 
743 91 732 
14 206 559 
88 736 61 
132 594 874 
941 462 260 
665 792 347 
1015 935 348 
57 369 859 
742 447 573 
669 283 939 
299 86 618 
613 497 859 
301 862 962 
70 253 50 
799 391 594 
178 722 36 
883 470 90 
843 305 522 
359 1022 357 
262 335 1067 
456 47 431 
872 652 878 
292 469 736 
819 672 582 
819 735 582 
1030 456 232 
14 688 134 
981 778 690 
336 384 822 
474 650 475 
242 138 456 
339 279 1052 
136 715 345 
534 605 796 
922 90 891 
820 205 496 
597 212 555 
910 230 228 
829 709 173 
357 689 587 
230 667 755 
655 1013 226 
649 719 962 
689 348 357 
42 723 649 
736 61 70 
195 810 868 
747 712 344 
880 544 336 
296 239 733 
669 87 398 
185 1007 46 
918 728 441 
525 954 796 
689 952 390 
689 348 149 
763 326 691 
40 239 62 
163 296 1005 
656 188 747 
167 1052 499 
348 1052 587 
1003 1002 747 
181 465 0 
1013 794 457 
458 231 342 
892 837 717 
740 144 300 
67 680 295 
974 775 47 
499 355 981 
643 432 1064 
121 61 722 
314 474 650 
716 410 937 
199 828 754 
957 540 614 
988 319 72 
930 438 226 
46 245 121 
312 811 484 
669 188 939 
656 446 611 
2 112 215 
473 353 747 
900 377 1012 
859 956 929 
789 410 1063 
810 287 82 
152 810 62 
15 398 134 
50 752 706 
963 1064 554 
754 822 181 
825 337 492 
323 648 862 
995 76 506 
26 594 391 
212 808 376 
91 820 24 
789 956 14 
1052 206 97 
745 427 466 
629 511 619 
254 216 1019 
595 583 21 
606 256 555 
301 506 81 
351 617 642 
1015 189 879 
305 62 192 
348 483 952 
121 36 185 
65 404 224 
120 381 799 
743 106 621 
128 439 466 
346 692 587 
65 219 736 
329 91 649 
181 656 434 
223 582 346 
666 230 511 
865 876 9 
68 704 984 
420 792 347 
587 342 1030 
972 439 361 
239 347 296 
328 68 808 
5 838 70 
473 239 377 
300 299 437 
732 829 1072 
304 228 491 
420 729 933 
402 136 501 
498 171 626 
728 918 298 
121 36 884 
46 930 118 
759 762 768 
408 455 517 
999 545 1073 
939 73 177 
1052 687 232 
97 929 1004 
50 134 594 
494 379 105 
188 618 1009 
212 428 796 
143 538 455 
456 342 1014 
762 520 462 
768 110 941 
62 1072 460 
1067 125 335 
53 754 732 
688 72 1017 
65 224 621 
583 1072 332 
471 395 109 
395 661 531 
523 418 1065 
602 577 810 
976 43 102 
136 860 242 
614 329 901 
419 669 395 
316 21 583 
516 635 904 
792 904 665 
865 97 852 
339 1052 945 
792 665 429 
727 461 717 
1037 127 652 
878 488 385 
383 452 1037 
283 385 444 
669 401 469 
194 810 253 
584 150 398 
722 625 121 
298 89 301 
883 484 332 
128 61 181 
365 491 272 
360 297 510 
1072 23 421 
239 1072 23 
360 486 774 
705 728 290 
51 332 379 
173 536 144 
332 671 379 
63 962 669 
748 920 21 
984 230 609 
384 134 822 
318 508 573 
737 455 956 
1072 583 21 
1064 55 820 
883 677 27 
648 188 110 
7 915 86 
60 415 517 
179 474 475 
1064 535 1055 
669 1001 962 
711 471 1035 
306 262 1067 
627 181 625 
583 21 1072 
430 1003 404 
466 754 843 
583 666 23 
727 65 601 
913 892 127 
162 688 264 
501 547 601 
393 591 999 
211 922 829 
456 734 935 
45 162 742 
883 583 922 
91 540 820 
696 734 494 
125 1067 262 
134 737 384 
200 495 720 
804 956 1015 
1052 390 956 
845 627 62 
651 921 68 
97 456 1002 
431 1012 793 
792 347 747 
456 1003 734 
694 620 957 
792 97 420 
167 112 1015 
416 657 765 
945 472 946 
316 644 441 
723 613 880 
853 623 747 
469 427 937 
981 587 1003 
809 118 744 
145 689 587 
945 279 944 
145 357 57 
821 755 23 
470 562 621 
68 487 710 
729 420 468 
371 306 891 
512 293 549 
961 914 68 
818 819 672 
917 781 813 
864 1067 113 
348 149 96 
217 857 161 
127 132 34 
817 1014 692 
655 215 689 
716 937 410 
506 379 332 
732 265 792 
594 277 810 
506 376 332 
1030 131 734 
1054 134 470 
8 413 594 
284 751 837 
134 62 737 
1044 488 878 
929 232 587 
51 376 999 
415 127 890 
316 722 669 
1003 1052 956 
799 860 497 
583 625 1054 
328 495 683 
510 755 893 
737 336 986 
720 911 755 
226 470 736 
239 584 975 
409 820 1072 
38 62 63 
286 669 656 
242 47 547 
13 506 105 
219 736 65 
828 404 224 
755 893 510 
394 406 667 
455 307 230 
399 583 21 
528 193 937 
830 561 567 
270 810 594 
265 50 691 
625 183 748 
890 127 452 
417 461 247 
416 110 648 
269 523 419 
176 614 981 
729 99 231 
295 23 1055 
47 791 941 
504 439 972 
882 468 99 
91 467 569 
545 1064 86 
354 745 466 
256 212 670 
792 280 665 
188 962 438 
343 1012 456 
643 1055 421 
279 954 677 
646 828 181 
594 1017 413 
316 46 494 
633 697 536 
962 627 494 
292 972 336 
579 829 92 
226 351 698 
557 158 728 
791 813 917 
892 172 461 
650 476 711 
602 799 880 
577 446 470 
653 1062 582 
399 239 1064 
503 47 777 
884 323 862 
1038 461 284 
777 413 36 
504 319 469 
307 230 956 
97 342 1003 
1004 1052 956 
1014 792 429 
483 981 499 
40 239 265 
892 717 416 
727 941 1050 
1028 188 110 
922 925 829 
627 319 986 
322 745 737 
989 719 470 
99 487 882 
569 669 128 
736 224 719 
212 606 283 
400 316 922 
420 526 747 
650 314 179 
474 314 650 
711 650 474 
803 456 929 
1055 936 296 
256 283 109 
798 785 1066 
888 630 785 
494 42 627 
493 499 981 
883 291 595 
831 830 907 
755 667 704 
99 468 68 
385 283 127 
809 213 513 
878 127 600 
984 293 136 
68 230 755 
483 795 499 
134 254 962 
146 393 492 
67 632 111 
391 1002 804 
626 353 653 
483 1003 981 
723 613 353 
327 547 1071 
737 901 364 
450 777 224 
569 469 354 
450 494 930 
376 51 379 
584 460 962 
14 737 736 
376 223 681 
755 893 911 
99 230 666 
365 293 230 
495 551 809 
332 922 709 
935 957 620 
276 132 14 
313 60 408 
301 743 939 
511 360 910 
1050 762 895 
322 522 716 
230 754 822 
1065 269 616 
9 1065 232 
796 954 731 
747 473 658 
85 939 156 
65 224 410 
893 406 396 
99 468 835 
106 661 743 
43 102 707 
649 332 583 
796 176 419 
817 432 373 
583 392 38 
376 301 699 
919 519 257 
109 594 277 
809 224 649 
21 583 62 
470 72 134 
460 843 956 
33 603 42 
426 376 1064 
5 838 808 
1071 50 501 
72 691 688 
1012 431 347 
332 392 625 
720 487 673 
804 1004 700 
663 627 789 
91 743 782 
332 68 583 
421 332 1055 
918 244 605 
703 62 251 
72 14 723 
74 408 248 
800 567 908 
470 361 61 
328 393 421 
666 720 406 
518 27 301 
800 567 899 
830 908 561 
770 296 833 
469 504 292 
471 212 702 
944 864 1 
197 446 752 
940 789 525 
1062 188 585 
158 661 918 
1074 110 1044 
270 447 602 
904 1013 277 
554 91 782 
692 342 97 
947 861 804 
283 1004 1058 
1072 21 23 
239 188 962 
401 669 469 
212 606 731 
232 1030 97 
589 471 765 
588 573 85 
829 583 62 
710 362 634 
47 265 747 
277 280 792 
775 136 8 
211 583 332 
360 821 146 
34 796 1004 
664 48 40 
1041 752 197 
988 385 79 
727 791 844 
799 775 270 
391 613 793 
956 206 381 
181 465 226 
571 56 262 
456 696 189 
110 682 768 
664 1041 254 
236 838 381 
239 829 296 
329 86 628 
978 594 903 
787 342 865 
620 499 935 
375 410 668 
958 101 871 
51 506 379 
132 843 688 
992 1003 956 
132 1004 723 
37 943 946 
637 66 657 
755 893 510 
632 67 729 
1072 583 541 
70 621 219 
583 1072 295 
680 205 231 
865 1052 97 
594 345 136 
332 962 883 
1058 901 954 
292 128 466 
395 737 789 
579 316 59 
504 388 670 
627 181 292 
62 956 384 
505 450 989 
121 245 413 
955 765 1037 
21 400 541 
389 397 544 
460 754 602 
51 173 925 
150 494 810 
707 532 230 
980 559 150 
162 664 270 
246 316 245 
422 791 265 
91 554 81 
510 893 755 
1071 547 47 
506 387 13 
1071 384 986 
265 219 65 
833 268 323 
528 29 81 
1022 57 318 
1022 359 348 
347 96 792 
732 265 316 
313 972 415 
736 1054 224 
384 583 541 
62 384 962 
1066 243 1011 
219 224 528 
971 837 643 
632 496 111 
230 99 487 
344 593 280 
22 119 65 
114 742 28 
810 559 404 
40 465 31 
284 560 408 
240 360 377 
692 879 506 
562 745 705 
392 705 625 
172 444 600 
283 988 341 
336 199 134 
731 525 194 
607 341 383 
277 793 904 
677 594 939 
92 829 1064 
821 764 156 
962 301 224 
1054 1003 121 
332 122 883 
554 743 782 
86 514 922 
193 594 61 
652 281 416 
334 594 501 
792 743 1062 
342 456 1002 
1014 580 1002 
468 487 420 
956 1033 307 
878 913 385 
976 532 43 
406 564 667 
162 763 688 
254 379 1001 
743 91 732 
14 206 559 
88 736 61 
132 594 874 
941 462 260 
665 792 347 
1015 935 348 
57 369 859 
742 447 573 
669 283 939 
299 86 618 
613 497 859 
301 862 962 
70 253 50 
799 391 594 
178 722 36 
883 470 90 
843 305 522 
359 1022 357 
262 335 1067 
456 47 431 
872 652 878 
292 469 736 
819 672 582 
819 735 582 
1030 456 232 
14 688 134 
981 778 690 
336 384 822 
474 650 475 
242 138 456 
339 279 1052 
136 715 345 
534 605 796 
922 90 891 
820 205 496 
597 212 555 
910 230 228 
829 709 173 
357 689 587 
230 667 755 
655 1013 226 
649 719 962 
689 348 357 
42 723 649 
736 61 70 
195 810 868 
747 712 344 
880 544 336 
296 239 733 
669 87 398 
185 1007 46 
918 728 441 
525 954 796 
689 952 390 
689 348 149 
763 326 691 
40 239 62 
163 296 1005 
656 188 747 
167 1052 499 
348 1052 587 
1003 1002 747 
181 465 0 
1013 794 457 
458 231 342 
892 837 717 
740 144 300 
67 680 295 
974 775 47 
499 355 981 
643 432 1064 
121 61 722 
314 474 650 
716 410 937 
199 828 754 
957 540 614 
988 319 72 
930 438 226 
46 245 121 
312 811 484 
669 188 939 
656 446 611 
2 112 215 
473 353 747 
900 377 1012 
859 956 929 
789 410 1063 
810 287 82 
152 810 62 
15 398 134 
50 752 706 
963 1064 554 
754 822 181 
825 337 492 
323 648 862 
995 76 506 
26 594 391 
212 808 376 
91 820 24 
789 956 14 
1052 206 97 
745 427 466 
629 511 619 
254 216 1019 
595 583 21 
606 256 555 
301 506 81 
351 617 642 
1015 189 879 
305 62 192 
348 483 952 
121 36 185 
65 404 224 
120 381 799 
743 106 621 
128 439 466 
346 692 587 
65 219 736 
329 91 649 
181 656 434 
223 582 346 
666 230 511 
865 876 9 
68 704 984 
420 792 347 
587 342 1030 
972 439 361 
239 347 296 
328 68 808 
5 838 70 
473 239 377 
300 299 437 
732 829 1072 
304 228 491 
420 729 933 
402 136 501 
498 171 626 
728 918 298 
121 36 884 
46 930 118 
759 762 768 
408 455 517 
999 545 1073 
939 73 177 
1052 687 232 
97 929 1004 
50 134 594 
494 379 105 
188 618 1009 
212 428 796 
143 538 455 
456 342 1014 
762 520 462 
768 110 941 
62 1072 460 
1067 125 335 
53 754 732 
688 72 1017 
65 224 621 
583 1072 332 
471 395 109 
395 661 531 
523 418 1065 
602 577 810 
976 43 102 
136 860 242 
614 329 901 
419 669 395 
316 21 583 
516 635 904 
792 904 665 
865 97 852 
339 1052 945 
792 665 429 
727 461 717 
1037 127 652 
878 488 385 
383 452 1037 
283 385 444 
669 401 469 
194 810 253 
584 150 398 
722 625 121 
298 89 301 
883 484 332 
128 61 181 
365 491 272 
360 297 510 
1072 23 421 
239 1072 23 
360 486 774 
705 728 290 
51 332 379 
173 536 144 
332 671 379 
63 962 669 
748 920 21 
984 230 609 
384 134 822 
318 508 573 
737 455 956 
1072 583 21 
1064 55 820 
883 677 27 
648 188 110 
7 915 86 
60 415 517 
179 474 475 
1064 535 1055 
669 1001 962 
711 471 1035 
306 262 1067 
627 181 625 
583 21 1072 
430 1003 404 
466 754 843 
583 666 23 
727 65 601 
913 892 127 
162 688 264 
501 547 601 
393 591 999 
211 922 829 
456 734 935 
45 162 742 
883 583 922 
91 540 820 
696 734 494 
125 1067 262 
134 737 384 
200 495 720 
804 956 1015 
1052 390 956 
845 627 62 
651 921 68 
97 456 1002 
431 1012 793 
792 347 747 
456 1003 734 
694 620 957 
792 97 420 
167 112 1015 
416 657 765 
945 472 946 
316 644 441 
723 613 880 
853 623 747 
469 427 937 
981 587 1003 
809 118 744 
145 689 587 
945 279 944 
145 357 57 
821 755 23 
470 562 621 
68 487 710 
729 420 468 
371 306 891 
512 293 549 
961 914 68 
818 819 672 
917 781 813 
864 1067 113 
348 149 96 
217 857 161 
127 132 34 
817 1014 692 
655 215 689 
716 937 410 
506 379 332 
732 265 792 
594 277 810 
506 376 332 
1030 131 734 
1054 134 470 
8 413 594 
284 751 837 
134 62 737 
1044 488 878 
929 232 587 
51 376 999 
415 127 890 
316 722 669 
1003 1052 956 
799 860 497 
583 625 1054 
328 495 683 
510 755 893 
737 336 986 
720 911 755 
226 470 736 
239 584 975 
409 820 1072 
38 62 63 
286 669 656 
242 47 547 
13 506 105 
219 736 65 
828 404 224 
755 893 510 
394 406 667 
455 307 230 
399 583 21 
528 193 937 
830 561 567 
270 810 594 
265 50 691 
625 183 748 
890 127 452 
417 461 247 
416 110 648 
269 523 419 
176 614 981 
729 99 231 
295 23 1055 
47 791 941 
504 439 972 
882 468 99 
91 467 569 
545 1064 86 
354 745 466 
256 212 670 
792 280 665 
188 962 438 
343 1012 456 
643 1055 421 
279 954 677 
646 828 181 
594 1017 413 
316 46 494 
633 697 536 
962 627 494 
292 972 336 
579 829 92 
226 351 698 
557 158 728 
791 813 917 
892 172 461 
650 476 711 
602 799 880 
577 446 470 
653 1062 582 
399 239 1064 
503 47 777 
884 323 862 
1038 461 284 
777 413 36 
504 319 469 
307 230 956 
97 342 1003 
1004 1052 956 
1014 792 429 
483 981 499 
40 239 265 
892 717 416 
727 941 1050 
1028 188 110 
922 925 829 
627 319 986 
322 745 737 
989 719 470 
99 487 882 
569 669 128 
736 224 719 
212 606 283 
400 316 922 
420 526 747 
650 314 179 
474 314 650 
711 650 474 
803 456 929 
1055 936 296 
256 283 109 
798 785 1066 
888 630 785 
494 42 627 
493 499 981 
883 291 595 
831 830 907 
755 667 704 
99 468 68 
385 283 127 
809 213 513 
878 127 600 
984 293 136 
68 230 755 
483 795 499 
134 254 962 
146 393 492 
67 632 111 
391 1002 804 
626 353 653 
483 1003 981 
723 613 353 
327 547 1071 
737 901 364 
450 777 224 
569 469 354 
450 494 930 
376 51 379 
584 460 962 
14 737 736 
376 223 681 
755 893 911 
99 230 666 
365 293 230 
495 551 809 
332 922 709 
935 957 620 
276 132 14 
313 60 408 
301 743 939 
511 360 910 
1050 762 895 
322 522 716 
230 754 822 
1065 269 616 
9 1065 232 
796 954 731 
747 473 658 
85 939 156 
65 224 410 
893 406 396 
99 468 835 
106 661 743 
43 102 707 
649 332 583 
796 176 419 
817 432 373 
583 392 38 
376 301 699 
919 519 257 
109 594 277 
809 224 649 
21 583 62 
470 72 134 
460 843 956 
33 603 42 
426 376 1064 
5 838 808 
1071 50 501 
72 691 688 
1012 431 347 
332 392 625 
720 487 673 
804 1004 700 
663 627 789 
91 743 782 
332 68 583 
421 332 1055 
918 244 605 
703 62 251 
72 14 723 
74 408 248 
800 567 908 
470 361 61 
328 393 421 
666 720 406 
518 27 301 
800 567 899 
830 908 561 
770 296 833 
469 504 292 
471 212 702 
944 864 1 
197 446 752 
940 789 525 
1062 188 585 
158 661 918 
1074 110 1044 
270 447 602 
904 1013 277 
554 91 782 
692 342 97 
947 861 804 
283 1004 1058 
1072 21 23 
239 188 962 
401 669 469 
212 606 731 
232 1030 97 
589 471 765 
588 573 85 
829 583 62 
710 362 634 
47 265 747 
277 280 792 
775 136 8 
211 583 332 
360 821 146 
34 796 1004 
664 48 40 
1041 752 197 
988 385 79 
727 791 844 
799 775 270 
391 613 793 
956 206 381 
