626 227 193 
213 669 548 
665 111 543 
759 887 601 
71 55 699 
381 22 138 
300 981 499 
922 595 484 
754 199 61 
787 278 865 
1059 1053 509 
199 926 659 
476 871 711 
76 51 506 
357 689 1052 
981 457 993 
952 355 113 
913 415 80 
66 971 285 
893 755 486 
729 632 420 
1072 583 422 
381 244 120 
295 1072 583 
680 323 231 
970 603 655 
104 578 120 
684 518 883 
1015 1058 250 
1064 552 315 
986 307 992 
291 977 1064 
639 192 31 
484 1011 29 
922 62 493 
154 120 435 
719 116 413 
837 66 657 
400 291 883 
504 669 930 
162 960 896 
387 51 643 
299 694 1073 
191 34 396 
689 34 167 
197 82 902 
246 677 397 
775 926 263 
55 1011 213 
393 551 394 
287 270 351 
76 709 506 
339 1071 384 
158 451 743 
291 1062 141 
48 58 619 
69 919 397 
301 514 348 
883 163 158 
442 923 425 
503 199 659 
646 885 199 
34 922 536 
261 541 239 
790 177 1066 
583 232 528 
751 37 383 
632 792 431 
99 328 882 
227 429 712 
695 728 838 
999 319 960 
78 647 548 
169 1015 397 
771 720 257 
1071 754 593 
506 51 709 
267 642 440 
215 72 113 
724 80 259 
283 17 548 
122 163 31 
412 940 154 
837 892 751 
977 904 386 
853 796 261 
291 883 748 
74 840 585 
779 584 443 
451 431 158 
484 7 922 
554 782 198 
86 922 883 
527 905 812 
123 127 682 
31 254 301 
91 744 549 
342 1072 583 
118 580 77 
487 468 882 
952 745 77 
996 80 283 
244 647 72 
704 406 893 
578 26 372 
776 550 144 
583 1014 21 
880 162 934 
193 726 489 
765 471 606 
1074 576 461 
665 2 862 
669 1019 839 
318 509 215 
162 71 319 
319 960 286 
518 36 29 
1024 1015 339 
864 352 130 
695 546 533 
286 548 128 
21 671 343 
81 156 31 
162 94 222 
624 128 326 
262 509 553 
225 106 712 
682 844 878 
351 450 726 
442 319 467 
675 664 870 
456 258 232 
679 442 902 
161 300 499 
336 62 663 
474 650 179 
121 219 38 
614 269 91 
1064 757 332 
605 606 1011 
692 545 1055 
426 625 458 
692 204 458 
360 240 860 
595 426 770 
689 44 794 
766 882 530 
1015 28 338 
370 404 582 
970 206 44 
869 671 227 
158 58 744 
706 960 901 
929 1004 97 
202 203 39 
522 825 865 
1039 122 81 
262 1007 1067 
53 265 91 
954 597 685 
195 44 912 
145 300 307 
264 326 904 
58 432 332 
163 619 55 
392 153 533 
993 560 568 
44 206 956 
614 865 886 
777 0 1059 
726 167 354 
429 141 458 
201 941 837 
366 312 787 
243 555 312 
602 8 195 
269 614 509 
64 663 140 
528 646 106 
314 650 474 
1015 865 522 
611 828 61 
855 615 840 
988 335 989 
438 26 574 
778 681 879 
677 184 662 
446 799 773 
825 339 117 
301 1016 31 
280 477 456 
393 530 865 
639 32 654 
503 1022 199 
82 983 120 
160 793 158 
640 833 631 
45 435 578 
308 376 91 
8 754 61 
835 674 619 
172 837 285 
840 154 1 
154 881 351 
379 796 692 
106 346 949 
970 149 794 
980 97 671 
745 703 371 
492 163 536 
86 484 262 
232 399 583 
428 675 337 
1011 999 333 
154 504 203 
78 1015 113 
31 977 1067 
339 1024 603 
627 580 213 
528 224 265 
865 446 712 
414 381 138 
123 120 726 
346 625 883 
528 219 533 
291 106 332 
441 181 742 
671 865 626 
377 190 671 
785 771 293 
473 393 103 
323 632 23 
1014 342 583 
647 936 58 
721 97 671 
563 591 487 
838 5 381 
400 144 770 
348 514 705 
234 614 97 
257 410 937 
190 610 641 
136 713 501 
973 712 174 
102 361 22 
865 1064 261 
845 677 46 
895 887 759 
529 407 564 
1055 545 315 
278 1015 478 
903 910 151 
929 97 1004 
22 838 120 
855 859 678 
515 663 616 
159 954 993 
240 74 52 
342 456 21 
921 838 79 
887 895 1050 
541 278 865 
1067 1007 509 
531 47 320 
162 289 963 
732 219 158 
21 295 23 
77 981 300 
165 140 329 
1065 523 625 
542 960 647 
216 719 810 
491 375 931 
554 484 90 
839 901 364 
211 962 922 
880 742 331 
1 286 694 
865 9 97 
992 655 374 
477 456 258 
941 717 461 
127 55 837 
286 488 385 
66 971 383 
751 66 383 
923 319 669 
50 22 194 
49 393 949 
404 158 646 
332 291 555 
141 332 883 
582 405 726 
491 716 984 
821 511 297 
23 342 1072 
743 53 721 
511 510 294 
92 922 645 
243 28 42 
493 631 981 
912 177 62 
978 494 351 
920 291 829 
477 280 712 
384 688 120 
675 130 337 
604 149 30 
198 379 426 
663 291 249 
735 932 584 
499 455 444 
641 680 295 
158 163 69 
179 601 711 
709 76 879 
706 318 319 
872 476 12 
113 924 509 
71 286 923 
65 680 422 
584 868 337 
716 375 339 
23 231 21 
377 727 365 
682 844 576 
730 162 215 
501 1071 547 
563 68 729 
929 1004 809 
146 766 616 
924 276 880 
883 744 291 
1067 262 1011 
509 215 662 
989 864 573 
134 233 163 
664 675 706 
1015 147 339 
794 390 1058 
318 78 845 
887 727 260 
1072 583 258 
431 792 884 
668 524 63 
949 211 232 
757 865 616 
929 820 1004 
238 514 149 
1053 652 689 
880 1027 677 
128 450 120 
864 573 995 
747 493 131 
503 726 0 
952 705 912 
484 809 273 
1052 14 689 
945 340 318 
125 340 845 
1073 74 821 
503 138 244 
563 235 492 
492 76 817 
636 499 901 
377 434 788 
393 530 20 
885 736 646 
781 917 1010 
579 92 125 
945 318 125 
208 457 455 
934 508 940 
171 692 432 
1001 992 901 
716 47 263 
198 506 379 
766 865 787 
679 162 972 
376 458 426 
734 523 308 
22 838 414 
730 592 326 
1055 751 66 
737 754 822 
283 285 943 
84 879 1047 
643 315 51 
203 1042 82 
1011 29 697 
794 339 206 
69 822 289 
692 550 545 
20 49 473 
420 729 393 
166 993 502 
241 393 821 
777 828 646 
400 144 1065 
409 211 456 
883 38 291 
454 203 902 
65 193 47 
616 883 1065 
646 289 158 
292 367 582 
704 911 667 
529 406 248 
248 975 526 
456 399 21 
1073 187 52 
899 907 561 
82 606 351 
158 265 53 
1055 198 221 
913 943 576 
461 892 417 
461 717 892 
614 291 587 
1065 523 76 
729 328 20 
721 792 632 
21 1072 583 
569 730 863 
473 68 393 
582 36 467 
458 692 141 
552 361 776 
212 479 485 
792 171 744 
981 6 30 
343 792 451 
421 692 373 
785 77 457 
885 646 828 
154 197 1018 
633 544 1041 
105 697 663 
494 574 29 
1041 901 154 
356 499 90 
372 940 226 
319 467 71 
791 784 779 
875 455 640 
872 317 1035 
220 799 391 
446 244 102 
352 78 647 
258 456 21 
128 351 120 
884 792 343 
457 993 256 
482 339 244 
401 902 1041 
457 703 364 
342 258 409 
217 993 705 
692 426 545 
973 493 177 
629 261 193 
416 892 417 
260 341 941 
665 530 111 
31 957 555 
1011 804 319 
257 384 42 
598 442 719 
487 99 563 
662 504 292 
922 528 736 
606 1006 283 
912 29 977 
393 406 230 
135 650 476 
317 711 872 
474 711 650 
280 258 623 
291 86 252 
212 159 428 
149 986 44 
907 567 899 
405 453 662 
499 300 493 
922 7 86 
212 428 905 
893 755 704 
468 99 563 
283 913 890 
1015 726 503 
878 742 940 
293 272 716 
362 68 487 
34 459 300 
438 574 302 
227 865 393 
632 343 744 
29 1015 227 
187 771 974 
981 493 483 
489 839 1024 
327 1071 754 
457 395 560 
193 968 354 
39 582 292 
675 706 1041 
76 376 51 
162 592 578 
934 372 276 
92 514 86 
511 755 893 
510 755 893 
720 293 146 
492 301 362 
509 922 301 
663 697 291 
215 880 624 
984 293 512 
227 432 626 
510 893 755 
1050 887 260 
773 716 375 
155 528 121 
1065 817 748 
344 671 496 
731 605 606 
900 714 564 
597 606 685 
65 219 224 
407 729 510 
99 420 882 
263 320 671 
976 271 102 
1055 820 1064 
901 985 999 
817 523 458 
883 332 625 
376 198 308 
645 221 155 
899 831 567 
688 286 56 
261 97 1072 
319 270 809 
535 523 957 
1019 930 39 
458 692 426 
119 381 89 
754 1071 822 
72 1 318 
343 431 587 
392 709 776 
393 394 420 
278 865 291 
625 668 249 
91 782 291 
556 595 140 
555 426 535 
935 617 482 
15 395 502 
880 960 72 
705 307 457 
830 907 908 
828 726 646 
468 487 591 
406 900 407 
556 432 751 
800 831 907 
800 907 561 
640 300 161 
423 810 582 
471 212 989 
154 203 423 
1011 598 213 
78 72 1 
438 397 494 
291 121 64 
1074 110 844 
737 391 986 
1027 940 372 
376 91 198 
59 218 442 
799 128 686 
662 923 1059 
1072 342 21 
828 562 726 
675 505 154 
731 606 594 
792 343 332 
500 412 25 
1006 82 606 
460 592 193 
563 487 235 
788 193 199 
1071 754 822 
586 606 82 
211 792 144 
95 147 586 
796 853 735 
467 442 318 
82 202 154 
690 1041 901 
314 682 327 
175 965 799 
1024 705 217 
307 149 981 
