181 465 226 1034 344 
571 56 262 369 859 
456 696 189 1065 879 
110 682 768 462 917 
664 1041 254 963 602 
236 838 381 70 546 
239 829 296 980 500 
329 86 628 545 1064 
978 594 903 136 242 
787 342 865 232 97 
620 499 935 137 459 
375 410 668 732 598 
958 101 871 109 768 
51 506 379 403 387 
132 843 688 1052 34 
992 1003 956 810 355 
132 1004 723 1052 279 
37 943 946 283 651 
637 66 657 25 971 
755 893 510 911 667 
632 67 729 394 174 
1072 583 541 342 97 
70 621 219 65 1007 
583 1072 295 925 421 
680 205 231 347 301 
865 1052 97 637 587 
594 345 136 126 456 
332 962 883 266 484 
1058 901 954 432 150 
292 128 466 528 737 
395 737 789 960 794 
579 316 59 275 732 
504 388 670 502 737 
627 181 292 828 405 
62 956 384 789 1003 
505 450 989 286 413 
121 245 413 722 405 
955 765 1037 871 520 
21 400 541 62 1065 
389 397 544 585 73 
460 754 602 134 224 
51 173 925 536 392 
150 494 810 400 922 
707 532 230 102 520 
980 559 150 954 508 
162 664 270 691 508 
246 316 245 185 42 
422 791 265 50 754 
91 554 81 743 664 
510 893 755 911 720 
1071 547 47 253 413 
506 387 13 299 376 
1071 384 986 134 62 
265 219 65 621 547 
833 268 323 1009 618 
528 29 81 432 421 
1022 57 318 857 69 
1022 359 348 778 747 
347 96 792 221 857 
732 265 316 450 777 
313 972 415 29 466 
736 1054 224 65 528 
384 583 541 587 21 
62 384 962 136 400 
1066 243 1011 176 626 
219 224 528 324 265 
971 837 643 657 892 
632 496 111 231 24 
230 99 487 710 362 
344 593 280 592 792 
22 119 65 470 621 
114 742 28 605 999 
810 559 404 50 405 
40 465 31 239 834 
284 560 408 307 87 
240 360 377 821 984 
692 879 506 678 620 
562 745 705 61 736 
392 705 625 213 1054 
172 444 600 1037 776 
283 988 341 600 385 
336 199 134 737 822 
731 525 194 212 28 
607 341 383 795 37 
277 793 904 789 821 
677 594 939 723 1033 
92 829 1064 301 376 
821 764 156 416 584 
962 301 224 108 717 
1054 1003 121 828 178 
332 122 883 392 922 
554 743 782 820 205 
86 514 922 332 484 
193 594 61 812 256 
652 281 416 520 601 
334 594 501 327 723 
792 743 1062 91 793 
342 456 1002 232 1003 
1014 580 1002 404 431 
468 487 420 68 882 
956 1033 307 15 736 
878 913 385 283 1042 
976 532 43 695 271 
406 564 667 510 407 
162 763 688 151 264 
254 379 1001 776 320 
743 91 732 323 754 
14 206 559 163 1013 
88 736 61 704 230 
132 594 874 416 878 
941 462 260 3 844 
665 792 347 280 67 
1015 935 348 189 859 
57 369 859 952 1021 
742 447 573 287 880 
669 283 939 1042 212 
299 86 618 671 808 
613 497 859 277 804 
301 862 962 122 438 
70 253 50 494 885 
799 391 594 603 138 
178 722 36 962 245 
883 470 90 644 962 
843 305 522 583 232 
359 1022 357 674 57 
262 335 1067 1019 369 
456 47 431 345 242 
872 652 878 325 988 
292 469 736 29 181 
819 672 582 358 367 
819 735 582 509 642 
1030 456 232 97 929 
14 688 134 594 793 
981 778 690 330 1003 
336 384 822 754 305 
474 650 475 314 179 
242 138 456 345 272 
339 279 1052 626 954 
136 715 345 431 456 
534 605 796 30 525 
922 90 891 555 625 
820 205 496 211 24 
597 212 555 643 692 
910 230 228 511 519 
829 709 173 795 536 
357 689 587 232 1003 
230 667 755 486 710 
655 1013 226 243 793 
649 719 962 301 862 
689 348 357 223 215 
42 723 649 810 789 
736 61 70 737 65 
195 810 868 400 62 
747 712 344 932 353 
880 544 336 585 270 
296 239 733 473 732 
669 87 398 528 410 
185 1007 46 316 308 
918 728 441 296 721 
525 954 796 28 901 
689 952 390 1003 1019 
689 348 149 1004 160 
763 326 691 508 688 
40 239 62 117 164 
163 296 1005 880 559 
656 188 747 857 99 
167 1052 499 953 355 
348 1052 587 956 703 
1003 1002 747 97 456 
181 465 0 730 434 
1013 794 457 390 636 
458 231 342 792 347 
892 837 717 1037 122 
740 144 300 925 536 
67 680 295 632 205 
974 775 47 384 63 
499 355 981 614 534 
643 432 1064 939 731 
121 61 722 583 21 
314 474 650 711 475 
716 410 937 261 655 
199 828 754 736 822 
957 540 614 138 627 
988 319 72 414 902 
930 438 226 994 505 
46 245 121 1007 38 
312 811 484 634 86 
669 188 939 286 656 
656 446 611 165 430 
2 112 215 497 904 
473 353 747 99 623 
900 377 1012 193 927 
859 956 929 1004 339 
789 410 1063 962 775 
810 287 82 901 395 
152 810 62 72 880 
15 398 134 395 776 
50 752 706 134 1071 
963 1064 554 506 545 
754 822 181 134 336 
825 337 492 495 835 
323 648 862 962 172 
995 76 506 467 81 
26 594 391 1033 799 
212 808 376 555 643 
91 820 24 554 743 
789 956 14 1058 793 
1052 206 97 1030 587 
745 427 466 737 354 
629 511 619 99 143 
254 216 1019 810 72 
595 583 21 1072 329 
606 256 555 506 643 
301 506 81 292 671 
351 617 642 509 86 
1015 189 879 112 935 
305 62 192 925 956 
348 483 952 689 457 
121 36 185 245 118 
65 404 224 547 265 
120 381 799 688 470 
743 106 621 962 793 
128 439 466 469 151 
346 692 587 694 957 
65 219 736 265 470 
329 91 649 533 508 
181 656 434 441 736 
223 582 346 58 1066 
666 230 511 910 660 
865 876 9 700 552 
68 704 984 511 910 
420 792 347 849 111 
587 342 1030 97 1003 
972 439 361 425 60 
239 347 296 266 150 
328 68 808 376 915 
5 838 70 622 196 
473 239 377 99 131 
300 299 437 536 514 
732 829 1072 21 265 
304 228 491 293 984 
420 729 933 519 511 
402 136 501 799 978 
498 171 626 879 147 
728 918 298 644 557 
121 36 884 451 316 
46 930 118 537 663 
759 762 768 1050 462 
408 455 517 560 74 
999 545 1073 7 1055 
939 73 177 465 275 
1052 687 232 62 956 
97 929 1004 342 980 
50 134 594 810 775 
494 379 105 620 962 
188 618 1009 484 584 
212 428 796 745 737 
143 538 455 230 360 
456 342 1014 715 734 
762 520 462 247 759 
768 110 941 462 682 
62 1072 460 531 962 
1067 125 335 215 1015 
53 754 732 47 621 
688 72 1017 326 162 
65 224 621 47 413 
583 1072 332 295 421 
471 395 109 226 6 
395 661 531 737 106 
523 418 1065 419 795 
602 577 810 986 880 
976 43 102 353 933 
136 860 242 793 391 
614 329 901 670 550 
419 669 395 1001 613 
316 21 583 962 743 
516 635 904 1017 664 
792 904 665 593 280 
865 97 852 1052 804 
339 1052 945 390 804 
792 665 429 111 942 
727 461 717 895 247 
1037 127 652 172 837 
878 488 385 1042 101 
383 452 1037 256 283 
283 385 444 890 383 
669 401 469 1046 193 
194 810 253 447 134 
584 150 398 239 962 
722 625 121 885 962 
298 89 301 92 838 
883 484 332 301 550 
128 61 181 29 736 
365 491 272 136 860 
360 297 510 755 893 
1072 23 421 332 820 
239 1072 23 421 266 
360 486 774 511 519 
705 728 290 1054 92 
51 332 379 625 925 
173 536 144 238 740 
332 671 379 829 458 
63 962 669 494 659 
748 920 21 332 583 
984 230 609 491 666 
384 134 822 34 181 
318 508 573 96 857 
737 455 956 384 745 
1072 583 21 23 748 
1064 55 820 295 205 
883 677 27 122 705 
648 188 110 1001 247 
7 915 86 484 671 
60 415 517 428 466 
179 474 475 650 135 
1064 535 1055 252 58 
669 1001 962 829 625 
711 471 1035 476 872 
306 262 1067 125 56 
627 181 625 722 810 
583 21 1072 23 925 
430 1003 404 345 1004 
466 754 843 521 737 
583 666 23 106 65 
727 65 601 422 791 
913 892 127 416 281 
162 688 264 763 14 
501 547 601 219 715 
393 591 999 235 68 
211 922 829 583 332 
456 734 935 97 865 
45 162 742 55 508 
883 583 922 625 1072 
91 540 820 275 472 
696 734 494 95 327 
125 1067 262 215 864 
134 737 384 199 81 
200 495 720 492 394 
804 956 1015 1003 929 
1052 390 956 279 251 
845 627 62 33 625 
651 921 68 520 127 
97 456 1002 232 583 
431 1012 793 501 549 
792 347 747 280 277 
456 1003 734 97 929 
694 620 957 223 690 
792 97 420 665 111 
167 112 1015 145 952 
416 657 765 1037 764 
945 472 946 796 419 
316 644 441 226 302 
723 613 880 594 810 
853 623 747 929 975 
469 427 937 410 569 
981 587 1003 1030 15 
809 118 744 1064 329 
145 689 587 232 359 
945 279 944 372 161 
145 357 57 348 124 
821 755 23 99 230 
470 562 621 469 70 
68 487 710 346 957 
729 420 468 111 424 
371 306 891 502 161 
512 293 549 324 860 
961 914 68 2 900 
818 819 672 441 719 
917 781 813 260 969 
864 1067 113 125 944 
348 149 96 689 125 
217 857 161 689 1004 
127 132 34 861 898 
817 1014 692 487 23 
655 215 689 587 1015 
716 937 410 106 354 
506 379 332 51 643 
732 265 792 473 747 
594 277 810 134 270 
506 376 332 883 301 
1030 131 734 929 1002 
1054 134 470 34 70 
8 413 594 691 822 
284 751 837 66 1037 
134 62 737 822 305 
1044 488 878 110 873 
929 232 587 342 1004 
51 376 999 506 643 
415 127 890 466 737 
316 722 669 625 663 
1003 1052 956 339 587 
799 860 497 345 603 
583 625 1054 332 51 
328 495 683 535 710 
510 755 893 667 984 
737 336 986 789 30 
720 911 755 893 230 
226 470 736 404 147 
239 584 975 821 853 
409 820 1072 449 21 
38 62 63 706 42 
286 669 656 585 653 
242 47 547 136 1071 
13 506 105 808 254 
219 736 65 405 646 
828 404 224 50 646 
755 893 510 667 486 
394 406 667 893 510 
455 307 230 248 74 
399 583 21 1072 193 
528 193 937 265 621 
830 561 567 93 774 
270 810 594 1007 559 
265 50 691 1071 53 
625 183 748 392 121 
890 127 452 972 466 
417 461 247 892 281 
416 110 648 657 461 
269 523 419 1064 64 
176 614 981 534 459 
729 99 231 347 792 
295 23 1055 266 332 
47 791 941 969 682 
504 439 972 569 606 
882 468 99 729 420 
91 467 569 1046 743 
545 1064 86 295 709 
354 745 466 937 737 
256 212 670 776 922 
792 280 665 458 477 
188 962 438 321 659 
343 1012 456 224 549 
643 1055 421 295 332 
279 954 677 901 28 
646 828 181 736 470 
594 1017 413 40 50 
316 46 494 935 438 
633 697 536 238 379 
962 627 494 1001 622 
292 972 336 151 737 
579 829 92 86 254 
226 351 698 508 470 
557 158 728 441 244 
791 813 917 682 982 
892 172 461 890 283 
650 476 711 871 135 
602 799 880 188 134 
577 446 470 810 880 
653 1062 582 177 723 
399 239 1064 266 1072 
503 47 777 547 265 
884 323 862 245 422 
1038 461 284 892 648 
777 413 36 21 962 
504 319 469 316 669 
307 230 956 703 737 
97 342 1003 1002 623 
1004 1052 956 857 929 
1014 792 429 884 692 
483 981 499 1003 355 
40 239 265 592 62 
892 717 416 648 701 
727 941 1050 759 701 
1028 188 110 106 576 
922 925 829 776 173 
627 319 986 270 181 
322 745 737 439 29 
989 719 470 962 292 
99 487 882 420 530 
569 669 128 450 292 
736 224 719 65 404 
212 606 283 82 570 
400 316 922 697 986 
420 526 747 623 190 
650 314 179 475 135 
474 314 650 135 179 
711 650 474 475 871 
803 456 929 342 1003 
1055 936 296 735 157 
256 283 109 85 871 
798 785 1066 630 374 
888 630 785 93 788 
494 42 627 622 254 
493 499 981 459 1003 
883 291 595 962 634 
831 830 907 800 561 
755 667 704 511 230 
99 468 68 755 362 
385 283 127 878 873 
809 213 513 301 629 
878 127 600 488 45 
984 293 136 695 304 
68 230 755 760 825 
483 795 499 981 144 
134 254 962 119 920 
146 393 492 230 825 
67 632 111 820 680 
391 1002 804 696 117 
626 353 653 272 473 
483 1003 981 459 795 
723 613 353 594 498 
327 547 1071 242 791 
737 901 364 307 32 
450 777 224 828 47 
569 469 354 423 128 
450 494 930 669 503 
376 51 379 883 808 
584 460 962 438 188 
14 737 736 61 395 
376 223 681 689 582 
755 893 911 19 406 
99 230 666 755 486 
365 293 230 228 126 
495 551 809 301 489 
332 922 709 92 1064 
935 957 620 692 879 
276 132 14 664 647 
313 60 408 919 248 
301 743 939 379 725 
511 360 910 228 933 
1050 762 895 759 816 
322 522 716 608 460 
230 754 822 736 511 
1065 269 616 620 795 
9 1065 232 641 38 
796 954 731 82 132 
747 473 658 953 530 
85 939 156 669 653 
65 224 410 219 61 
893 406 396 911 755 
99 468 835 420 473 
106 661 743 962 261 
43 102 707 695 976 
649 332 583 323 922 
796 176 419 945 1065 
817 432 373 692 458 
583 392 38 144 62 
376 301 699 379 506 
919 519 257 209 910 
109 594 277 221 830 
809 224 649 181 962 
21 583 62 1072 38 
470 72 134 405 494 
460 843 956 21 583 
33 603 42 584 686 
426 376 1064 820 1073 
5 838 808 842 290 
1071 50 501 791 265 
72 691 688 405 810 
1012 431 347 365 324 
332 392 625 922 583 
720 487 673 258 68 
804 1004 700 929 696 
663 627 789 150 582 
91 743 782 820 205 
332 68 583 432 1054 
421 332 1055 295 1064 
918 244 605 212 728 
703 62 251 15 956 
72 14 723 789 150 
74 408 248 209 284 
800 567 908 830 899 
470 361 61 736 726 
328 393 421 510 556 
666 720 406 667 396 
518 27 301 725 849 
800 567 899 908 906 
830 908 561 800 566 
770 296 833 631 740 
469 504 292 354 128 
471 212 702 606 988 
944 864 1 946 318 
197 446 752 594 117 
940 789 525 647 880 
1062 188 585 463 669 
158 661 918 234 155 
1074 110 1044 844 260 
270 447 602 965 810 
904 1013 277 592 950 
554 91 782 743 96 
692 342 97 778 98 
947 861 804 81 384 
283 1004 1058 223 509 
1072 21 23 925 342 
239 188 962 62 384 
401 669 469 286 117 
212 606 731 471 283 
232 1030 97 1003 357 
589 471 765 306 44 
588 573 85 954 279 
829 583 62 1072 611 
710 362 634 68 328 
47 265 747 422 793 
277 280 792 974 665 
775 136 8 799 132 
211 583 332 925 922 
360 821 146 882 486 
34 796 1004 692 929 
664 48 40 754 199 
1041 752 197 572 48 
988 385 79 127 488 
727 791 844 941 1050 
799 775 270 965 446 
391 613 793 456 623 
956 206 381 215 149 
