828 793 490 
1067 318 448 
1007 790 37 
531 121 1071 
688 679 902 
873 462 754 
634 105 493 
150 922 34 
276 742 531 
724 787 931 
605 1066 856 
462 5 873 
442 711 42 
537 1020 923 
642 153 357 
502 102 701 
548 436 702 
924 77 1015 
497 544 31 
23 295 641 
729 67 721 
232 949 942 
727 65 121 
295 583 1072 
1072 743 849 
98 109 381 
688 1044 438 
14 642 831 
497 31 735 
59 135 28 
515 1047 383 
497 28 545 
773 611 192 
494 505 484 
7 151 44 
863 818 899 
896 114 128 
64 1065 269 
672 623 575 
337 507 214 
642 119 358 
514 644 6 
936 662 711 
718 719 414 
1052 339 34 
123 983 968 
170 588 1013 
1054 716 120 
927 80 132 
591 348 710 
381 109 547 
535 999 509 
293 322 208 
265 449 409 
575 449 576 
180 540 542 
540 55 1046 
687 661 440 
155 1039 150 
29 135 138 
984 226 972 
11 462 47 
555 300 493 
344 1023 618 
37 177 1065 
1071 528 727 
778 308 426 
721 421 884 
99 209 468 
169 796 391 
40 119 532 
1020 689 960 
963 957 880 
218 553 285 
869 34 889 
371 502 102 
506 376 751 
924 17 465 
315 66 1005 
936 512 42 
48 927 181 
385 42 645 
114 655 990 
419 499 1037 
353 283 271 
192 186 906 
383 291 379 
568 34 1039 
791 501 691 
1054 382 341 
922 494 663 
665 792 111 
210 238 487 
996 214 184 
1071 331 508 
747 239 153 
587 158 657 
342 1072 347 
25 334 292 
68 209 468 
1043 500 636 
454 480 112 
1040 720 707 
181 530 915 
0 490 873 
634 6 493 
258 1014 802 
688 525 679 
562 405 268 
25 207 50 
795 172 327 
665 579 91 
215 214 101 
12 101 505 
562 655 82 
902 525 1044 
735 949 135 
283 675 585 
414 663 694 
40 695 954 
47 1054 521 
793 94 1071 
751 681 204 
45 222 968 
149 1015 615 
250 829 182 
1012 130 935 
95 310 596 
691 36 818 
439 364 756 
338 126 935 
641 416 461 
1034 147 615 
173 910 530 
206 504 591 
474 800 566 
878 528 968 
796 278 953 
380 497 59 
523 573 1065 
338 173 613 
748 426 625 
476 870 1015 
312 532 282 
862 922 649 
444 954 774 
900 473 1039 
132 956 282 
14 237 356 
124 685 615 
7 595 58 
313 34 7 
837 817 971 
747 928 956 
947 864 920 
58 540 596 
596 540 55 
920 880 553 
96 744 587 
212 430 348 
475 259 267 
1052 475 267 
951 1048 1056 
645 694 711 
633 163 480 
445 438 843 
832 1037 472 
207 928 740 
497 31 28 
186 69 184 
557 349 46 
299 625 426 
258 795 533 
140 133 338 
105 634 493 
576 575 903 
352 285 149 
1065 700 523 
987 289 715 
314 547 682 
767 55 577 
80 404 103 
1015 930 132 
594 812 82 
186 977 916 
620 1047 700 
184 977 169 
79 936 1066 
870 647 880 
433 955 1008 
623 409 524 
719 363 163 
85 1034 559 
377 289 490 
944 938 621 
198 506 376 
361 603 740 
725 354 335 
376 195 506 
305 375 716 
362 622 848 
731 580 804 
864 316 653 
1027 761 40 
681 643 678 
806 24 545 
134 348 159 
349 928 857 
834 703 764 
99 288 68 
362 848 51 
422 956 595 
159 430 348 
285 573 218 
215 176 112 
214 112 385 
227 306 1067 
854 390 274 
66 73 285 
172 296 541 
657 116 593 
446 304 757 
226 972 114 
671 556 299 
451 343 717 
434 647 659 
222 60 972 
772 306 216 
449 240 417 
626 897 575 
918 609 910 
295 347 721 
657 456 583 
543 385 731 
347 231 632 
328 487 563 
40 898 358 
404 148 14 
284 300 634 
929 747 956 
410 575 931 
473 530 739 
524 919 937 
515 86 616 
405 108 655 
1044 757 772 
183 979 896 
641 461 19 
257 384 821 
1005 254 817 
125 939 28 
321 395 452 
545 309 1073 
70 661 698 
308 249 299 
476 79 963 
166 478 105 
248 384 394 
172 1072 717 
475 102 900 
510 676 360 
800 533 474 
1067 318 306 
635 277 926 
306 939 693 
53 449 618 
631 941 422 
475 1052 386 
405 562 108 
1065 523 748 
271 976 640 
270 326 1061 
621 341 905 
611 975 353 
1024 765 854 
650 461 954 
460 742 531 
1044 926 885 
250 939 415 
274 217 854 
477 734 743 
501 682 23 
147 651 360 
585 84 1067 
689 697 238 
553 176 213 
752 627 569 
844 562 114 
209 336 494 
377 793 193 
336 484 749 
414 383 301 
482 98 381 
52 974 517 
601 360 651 
23 231 1072 
347 231 23 
827 547 894 
230 542 1039 
171 625 426 
493 550 238 
414 291 373 
675 713 977 
565 552 766 
354 602 723 
382 1054 683 
264 227 262 
502 74 475 
1055 458 709 
545 369 252 
782 614 127 
475 838 173 
143 211 795 
151 927 34 
327 179 682 
66 78 1005 
202 1015 870 
351 585 333 
1067 1 262 
56 730 593 
932 97 657 
740 1052 425 
52 375 793 
641 941 849 
727 704 60 
381 434 207 
271 270 84 
314 601 501 
487 563 235 
929 631 843 
965 246 979 
94 508 1071 
883 922 458 
571 902 1044 
98 752 25 
358 1027 197 
290 288 209 
363 645 191 
140 153 476 
1052 44 361 
819 430 355 
683 272 1054 
1072 820 97 
431 792 451 
668 63 53 
956 338 892 
616 692 1055 
97 231 820 
430 290 514 
207 954 928 
853 951 162 
575 897 317 
605 176 573 
417 84 975 
304 602 723 
430 212 348 
980 440 148 
928 857 14 
642 370 182 
1012 870 795 
510 755 893 
603 661 1052 
210 848 622 
337 288 163 
129 999 71 
885 926 1013 
851 163 288 
444 145 384 
867 511 667 
309 252 579 
181 698 358 
75 447 502 
382 305 934 
518 291 301 
41 628 439 
716 199 341 
198 506 76 
193 793 289 
1013 453 292 
751 506 86 
347 97 533 
557 325 40 
372 305 1054 
414 709 291 
248 257 1058 
842 81 163 
267 962 912 
300 493 776 
539 794 46 
674 901 484 
854 675 977 
351 553 69 
692 1055 709 
174 209 99 
759 257 610 
251 334 25 
407 424 720 
537 678 13 
353 417 463 
417 409 449 
38 54 53 
569 967 571 
802 926 896 
1047 620 681 
181 237 723 
562 268 108 
520 893 921 
529 701 396 
466 661 444 
449 399 53 
575 240 903 
593 566 650 
815 1035 1013 
173 512 338 
383 291 301 
250 953 278 
131 461 641 
399 975 353 
1062 904 919 
700 856 177 
651 729 486 
721 67 583 
211 266 631 
996 39 214 
720 396 407 
698 597 642 
141 625 748 
720 267 701 
475 889 505 
1064 111 665 
212 348 159 
343 451 587 
1055 392 373 
955 189 912 
181 225 207 
863 35 983 
16 7 927 
414 537 118 
647 495 664 
129 212 600 
356 695 57 
944 934 450 
12 582 42 
323 921 768 
145 367 408 
165 557 349 
538 221 304 
687 707 720 
1 318 18 
53 409 399 
934 521 441 
431 792 343 
251 395 852 
325 354 485 
101 505 480 
752 251 395 
941 717 583 
483 494 90 
308 817 1055 
697 493 689 
503 331 1071 
641 275 323 
608 1054 5 
903 227 576 
579 1064 111 
924 77 125 
408 325 740 
200 674 505 
487 563 328 
385 598 80 
719 494 1040 
1020 923 13 
1037 1008 499 
911 741 918 
657 135 96 
267 259 702 
338 142 79 
280 743 24 
869 832 494 
674 428 505 
572 101 164 
594 246 979 
292 639 1035 
457 90 889 
290 33 288 
765 453 25 
294 420 510 
328 563 468 
57 367 440 
898 542 596 
0 828 590 
47 462 5 
591 835 1021 
697 459 300 
663 90 889 
147 596 723 
234 632 347 
31 28 957 
227 668 344 
663 1037 855 
1043 100 703 
327 314 682 
307 15 737 
331 460 578 
835 619 674 
33 711 191 
76 379 376 
39 337 133 
972 763 331 
999 51 756 
755 511 667 
893 510 755 
79 48 927 
707 708 530 
41 644 487 
243 86 1047 
527 351 31 
703 1056 858 
373 301 414 
19 759 486 
406 921 1036 
120 382 372 
58 596 155 
1065 269 177 
242 190 63 
1044 902 115 
750 353 975 
516 544 351 
65 844 691 
407 396 720 
1039 609 103 
742 1071 121 
761 613 153 
320 97 657 
798 185 572 
51 681 999 
770 346 300 
13 694 543 
446 40 304 
388 794 635 
155 55 56 
1072 717 820 
55 155 540 
537 923 397 
924 28 465 
957 309 31 
910 1052 173 
682 179 1013 
16 613 980 
421 67 232 
414 697 300 
563 328 487 
141 748 671 
285 897 669 
579 91 111 
62 776 300 
883 383 86 
381 349 358 
877 452 794 
132 182 147 
6 41 756 
915 181 80 
114 108 405 
487 328 468 
360 260 119 
694 663 922 
135 800 474 
365 885 896 
207 740 830 
401 1027 669 
113 479 480 
333 902 989 
480 164 101 
696 352 176 
1062 1009 672 
175 410 576 
175 575 903 
181 180 767 
503 331 972 
111 554 665 
804 1015 731 
714 500 1043 
442 598 586 
1072 456 717 
447 695 707 
1067 283 576 
842 1041 582 
96 431 232 
381 46 325 
154 569 967 
508 812 972 
835 1033 760 
646 513 530 
55 566 729 
183 508 194 
211 892 956 
58 156 155 
267 1052 548 
582 469 385 
142 316 1015 
439 129 1001 
294 327 266 
806 304 916 
361 1052 661 
130 787 172 
