906 1192 466 221 821 
994 1363 1271 1082 55 
1319 966 385 185 1217 
1253 1327 104 1165 1163 
1156 1337 1208 252 826 
230 659 381 67 547 
1077 914 1138 1026 926 
325 86 77 987 846 
776 591 712 896 236 
1111 622 339 680 226 
39 1215 499 1042 131 
375 953 1255 259 1171 
1196 760 96 686 1198 
50 508 379 950 388 
893 663 351 1066 36 
1054 1057 759 1019 352 
893 795 1151 1309 472 
205 857 1374 1328 473 
870 1043 751 283 904 
960 771 881 478 1007 
1117 1212 424 1087 619 
600 703 512 1334 720 
94 65 506 1182 1334 
21 1182 512 1190 1334 
67 874 213 878 1059 
581 854 925 1040 1157 
320 198 225 343 297 
63 848 807 955 1108 
680 1066 887 892 999 
328 764 695 265 485 
840 1364 710 757 437 
290 125 468 981 538 
1151 1077 1128 538 624 
1340 1184 1322 579 313 
505 1365 391 263 1328 
76 906 1074 290 651 
61 759 384 624 1057 
507 450 784 1325 286 
118 240 1086 415 467 
342 1046 1319 1042 1036 
860 403 985 61 847 
459 599 1266 596 1245 
1321 50 167 1040 534 
143 495 1019 403 731 
154 1085 252 269 1323 
241 313 240 180 1184 
424 1087 626 919 49 
884 1322 557 82 551 
1334 512 703 600 720 
853 548 46 247 415 
508 388 13 295 376 
853 384 1245 781 130 
919 213 878 874 548 
1072 1291 655 267 1357 
981 1097 31 82 1166 
1080 809 56 315 674 
1363 809 356 344 1294 
343 92 1363 1346 627 
1184 526 919 313 1075 
1201 929 772 418 31 
984 836 219 878 1074 
384 581 1086 985 999 
61 384 1245 764 896 
848 237 800 169 1308 
771 1027 901 214 702 
94 973 1174 105 225 
340 590 280 589 627 
24 116 878 967 874 
109 546 30 857 792 
1019 1323 1161 560 951 
1263 1171 41 466 1322 
773 498 349 475 1077 
1241 284 561 411 305 
233 357 1232 377 1023 
363 1036 1215 508 301 
563 556 399 60 984 
316 958 893 35 764 
7 388 989 588 837 
1123 946 399 880 1374 
202 610 357 459 694 
902 960 594 1062 1195 
283 1169 783 338 594 
332 192 130 538 647 
523 521 189 1247 1153 
276 1330 1014 713 1346 
300 591 745 1133 472 
90 1026 846 297 376 
1023 1006 148 1103 1339 
836 1057 118 1102 651 
328 119 695 1166 946 
86 1092 515 731 328 
330 591 501 932 472 
1346 1313 1330 1271 627 
1139 1331 802 997 794 
65 973 105 225 506 
759 820 305 15 984 
691 722 386 1293 283 
775 1203 529 872 378 
1357 1182 952 1334 566 
154 606 351 144 262 
248 379 1056 1122 614 
551 1075 884 526 319 
14 911 560 155 1060 
883 984 1102 1260 60 
1163 1069 747 461 257 
254 1130 627 343 280 
1061 1042 1364 1175 1111 
485 29 808 1346 85 
1363 1317 56 370 1270 
546 962 571 922 692 
260 283 745 827 205 
295 86 1132 868 264 
863 497 1356 1283 1363 
297 1032 764 1280 119 
853 596 632 276 1192 
1060 351 713 628 164 
67 247 49 495 1037 
632 945 591 597 133 
173 467 38 764 240 
695 967 89 157 764 
663 303 1206 519 581 
356 809 353 279 56 
918 1362 331 849 806 
966 46 436 341 236 
687 177 691 1369 931 
290 471 984 31 906 
1022 266 998 354 368 
817 966 226 887 737 
1108 1265 347 1106 207 
1388 777 615 360 933 
332 384 647 599 303 
935 278 1066 71 1077 
1358 622 1152 1057 9 
896 433 1270 341 436 
1001 205 989 901 363 
719 1334 224 1232 1251 
1321 1026 408 167 629 
353 355 999 226 1057 
224 1078 917 600 487 
200 1060 221 237 1014 
175 457 764 297 1032 
1250 980 1188 1136 720 
355 1175 1307 344 353 
43 472 175 1154 1019 
984 60 1206 67 538 
565 956 340 1041 1289 
692 543 332 583 1235 
926 914 530 1122 475 
1103 260 87 400 981 
180 1059 45 313 928 
792 699 232 207 376 
727 502 1070 1106 959 
521 757 630 30 1097 
355 1175 755 392 1057 
606 1085 323 361 509 
1156 41 1154 914 61 
155 926 1058 692 1156 
119 695 469 1092 347 
212 183 1296 1192 565 
651 951 399 984 49 
161 1364 1066 1104 499 
344 1364 1066 999 759 
1057 794 1358 565 1270 
906 466 0 1075 510 
1060 628 454 392 1189 
455 225 1217 339 627 
1185 439 1037 651 1360 
1321 544 136 296 1040 
65 320 925 94 198 
499 352 777 864 532 
901 437 846 745 523 
732 893 976 1247 571 
1069 452 1090 1076 1126 
118 60 467 581 860 
310 476 176 417 477 
982 1183 1154 878 553 
476 895 174 477 310 
886 124 688 1369 460 
1046 540 864 1280 133 
738 958 1287 221 788 
45 240 118 1248 1059 
309 640 1357 485 107 
1098 260 183 745 286 
212 961 1103 861 158 
1319 676 1042 1133 498 
2 106 208 1111 1175 
475 349 565 889 876 
1255 340 1060 1330 908 
624 953 845 1337 764 
1019 922 83 1323 710 
1267 1259 15 1268 400 
49 1245 584 1143 402 
599 647 906 130 332 
1024 334 493 496 657 
319 172 1032 1086 764 
1055 74 508 469 1130 
865 591 945 820 632 
205 639 376 989 901 
884 646 26 557 551 
1066 911 887 817 999 
374 139 28 1060 71 
556 431 468 1145 538 
79 975 869 889 1162 
1283 248 209 806 1019 
592 581 860 854 325 
17 250 1374 1328 989 
297 508 82 290 264 
1106 1349 347 867 150 
1252 1061 185 1036 106 
303 61 1364 908 1040 
1175 344 970 755 355 
118 38 180 1280 240 
183 158 744 958 1192 
878 1183 951 219 548 
1090 452 460 1126 1076 
1068 1227 475 255 422 
1330 551 1271 101 874 
1201 125 442 468 1325 
1150 342 363 999 372 
878 1360 1299 1185 213 
265 1156 1329 183 1055 
906 212 439 959 984 
218 998 342 1150 57 
255 1078 224 1251 975 
1251 879 398 780 975 
1135 422 627 343 669 
999 339 817 887 1057 
772 442 358 1365 429 
914 343 926 265 143 
1070 324 1240 1357 1204 
5 659 67 1267 875 
475 914 377 889 127 
296 1321 295 441 534 
302 223 972 291 780 
223 291 422 657 1078 
422 1078 506 1291 740 
405 896 501 632 776 
498 1135 1217 165 71 
502 727 1070 294 157 
528 158 101 1291 265 
118 38 1086 696 451 
45 738 113 535 244 
295 1326 50 13 1230 
604 605 1069 609 834 
880 175 555 764 982 
411 965 977 561 72 
1066 1219 938 1189 226 
49 130 591 1019 1161 
1122 495 379 100 39 
1098 183 868 798 1378 
205 432 1153 1374 630 
135 1201 536 965 224 
1337 753 767 472 1097 
966 339 1355 1344 1190 
1130 627 280 105 434 
1251 1291 975 224 917 
605 1115 517 1076 461 
1110 609 104 747 1165 
61 854 459 528 764 
413 1255 1075 1330 101 
471 286 313 1374 764 
52 599 526 46 874 
351 69 804 323 154 
305 710 1365 556 1339 
297 328 295 553 899 
581 854 328 925 423 
1156 840 258 998 509 
239 528 538 101 158 
520 955 847 421 1289 
596 577 1019 781 692 
775 872 97 1203 1212 
896 677 236 1014 945 
864 325 710 263 550 
552 463 1298 224 965 
421 1077 260 1056 863 
1075 1184 1330 313 860 
627 713 254 590 1173 
680 887 1030 1066 1364 
1364 935 1151 1066 750 
121 56 353 892 137 
1130 627 254 434 1340 
1076 1126 492 460 452 
1062 1194 124 177 902 
691 489 1374 386 827 
383 963 1062 250 283 
283 386 960 700 383 
260 404 471 831 188 
313 742 58 290 1347 
294 88 1070 297 90 
695 485 328 1378 297 
125 60 906 31 984 
1117 365 972 1078 271 
357 927 512 600 703 
646 1013 987 846 86 
399 502 288 1092 836 
50 328 379 880 1040 
1321 167 534 136 232 
328 264 379 1026 1299 
62 1235 764 260 495 
572 729 860 328 581 
85 795 764 624 745 
1341 363 1252 74 1042 
780 1117 224 1291 1078 
384 130 647 36 906 
315 1247 1108 509 571 
538 965 759 384 1145 
1260 1339 846 54 646 
695 300 29 119 399 
1069 172 183 104 1056 
1357 7 724 86 485 
174 476 477 176 895 
1156 221 959 942 678 
846 533 837 916 57 
1265 1347 260 1056 764 
417 1371 473 822 478 
1318 1080 1252 1362 304 
76 906 880 1323 467 
581 860 854 1122 25 
468 1325 599 663 518 
581 255 1359 25 101 
26 925 973 225 65 
492 878 1224 595 1087 
372 363 615 1046 946 
154 351 262 606 14 
395 588 792 229 879 
204 1206 731 1026 1123 
747 1110 664 1380 1226 
1085 44 154 546 1097 
695 581 731 880 854 
884 540 646 1075 275 
1391 1071 385 531 495 
122 849 918 208 1252 
130 538 384 192 82 
1040 25 319 581 265 
193 496 463 493 1117 
636 759 1364 1061 1057 
367 676 754 630 674 
665 76 61 35 880 
904 1220 1194 730 1303 
887 966 794 226 581 
627 1313 343 1330 565 
966 1057 531 887 737 
372 39 1046 218 360 
627 887 422 254 105 
1175 161 106 1061 1364 
632 1245 945 863 1234 
419 214 1303 1007 1062 
313 157 959 221 1347 
472 863 692 1356 591 
671 876 565 737 1049 
471 431 743 953 993 
14 893 303 713 966 
777 999 1057 1358 1175 
137 355 999 226 1307 
1364 750 278 749 1151 
353 137 363 1307 999 
137 353 56 344 121 
1023 600 25 889 1334 
967 1347 563 874 471 
879 971 412 342 1046 
372 342 1364 1046 1175 
647 1183 415 981 878 
506 422 470 105 428 
615 1341 339 1215 1355 
940 304 701 503 1318 
513 1117 291 549 321 
763 723 1258 879 1120 
713 636 999 1364 737 
645 1022 266 959 457 
726 1109 1264 1297 617 
1033 1363 1362 1346 1317 
344 1318 142 92 1175 
342 360 322 1344 363 
644 1341 1331 802 363 
200 208 355 1364 999 
444 743 953 101 350 
508 379 328 50 901 
1144 526 919 627 1330 
780 1212 224 97 719 
508 376 328 695 297 
817 127 531 737 794 
836 130 1318 967 36 
8 415 591 361 647 
284 580 1027 64 1062 
130 61 1245 538 647 
636 1319 1094 713 1364 
1383 829 489 691 104 
737 1358 226 999 339 
50 376 792 508 901 
457 119 959 1092 265 
508 639 50 379 248 
418 124 700 468 538 
1057 1219 1066 1307 759 
795 737 1057 39 531 
1076 461 460 172 1069 
324 1240 496 934 533 
463 720 600 703 1334 
221 1185 967 984 951 
224 487 1251 1212 1159 
984 60 328 967 1074 
1267 914 582 1049 1023 
413 646 854 449 1075 
1245 403 1019 1056 61 
40 61 62 402 43 
286 260 212 583 184 
236 46 548 896 853 
872 529 1203 97 246 
1086 173 38 118 451 
846 136 837 515 928 
651 951 1185 1074 1360 
1334 948 952 917 1182 
965 305 224 245 1201 
1120 879 359 971 138 
401 581 860 1075 1329 
269 1019 591 1059 560 
919 49 361 853 52 
880 572 946 118 534 
1371 174 478 310 477 
700 124 1365 963 1201 
1076 420 460 1126 1069 
419 1090 1163 1126 1076 
169 864 777 532 458 
506 889 1135 225 343 
925 25 837 265 328 
46 1087 626 747 1048 
623 473 1059 1285 546 
505 442 772 993 1347 
879 224 1120 1228 396 
694 470 889 506 1291 
884 1322 469 993 831 
987 846 86 925 408 
350 556 468 1325 743 
250 1328 205 263 1153 
133 932 253 501 1344 
1130 627 280 254 455 
183 764 958 930 220 
936 801 1270 1183 1344 
901 837 423 925 328 
278 757 300 710 30 
166 1074 1185 651 1124 
591 804 415 41 49 
890 1195 1265 943 1259 
290 772 332 144 538 
1177 1184 1072 579 1026 
375 905 518 101 318 
1106 990 151 502 959 
1087 1297 1264 626 641 
1118 176 1196 478 417 
1337 184 844 1235 998 
401 914 846 265 854 
504 46 1011 548 919 
696 1183 319 1032 240 
1126 460 747 702 1090 
1277 1347 505 316 471 
1364 795 1309 1066 759 
802 1331 627 434 696 
439 1074 60 76 1270 
1183 878 967 951 1185 
970 777 1358 499 1057 
41 914 1266 919 589 
1076 1126 702 452 419 
1380 1165 1090 492 1147 
815 183 104 101 1233 
396 1228 552 224 720 
731 1040 1026 614 167 
987 151 430 320 1070 
76 316 781 269 906 
118 173 62 495 967 
318 556 1325 538 442 
784 457 1338 1299 1235 
889 971 694 422 527 
993 260 125 450 290 
893 143 14 252 624 
205 17 283 83 570 
1265 403 313 731 943 
422 522 565 876 1210 
176 310 174 477 895 
476 310 176 895 174 
1196 417 176 476 1371 
1016 966 737 339 1057 
837 742 1345 926 983 
631 620 848 882 374 
1038 882 620 885 623 
978 1262 944 260 404 
495 43 76 875 248 
695 289 592 764 1092 
653 652 716 633 562 
600 917 398 975 1251 
1037 166 651 1074 1185 
386 283 124 691 1383 
1018 1205 206 514 297 
1293 691 124 594 489 
747 1224 595 664 321 
879 224 600 1004 1120 
970 1215 629 499 777 
130 248 764 116 729 
138 395 493 224 1078 
1094 945 1356 794 636 
71 1356 349 184 271 
970 1358 1057 1249 777 
472 863 349 591 498 
932 548 853 236 626 
727 238 294 1070 151 
538 710 364 1365 305 
450 1011 219 651 46 
993 471 350 426 125 
422 889 1144 694 1291 
450 495 738 260 504 
376 50 379 695 639 
14 1151 538 984 1145 
984 192 906 1074 219 
376 218 322 355 1215 
1334 600 703 720 21 
365 1078 1117 291 224 
1257 496 1182 552 1018 
328 731 408 90 846 
1217 1042 1046 39 363 
834 605 1115 705 604 
318 519 1325 444 859 
224 599 647 1266 1206 
847 268 866 39 629 
630 757 523 1153 83 
565 475 215 756 527 
591 521 1392 83 472 
85 745 1077 148 1392 
703 952 396 1334 720 
1075 914 1330 551 101 
889 470 657 422 475 
101 239 551 764 258 
1203 872 97 406 378 
526 1026 854 319 926 
966 737 341 794 887 
1077 630 169 1104 421 
1215 644 437 373 363 
1086 1321 581 946 40 
376 297 1123 390 379 
728 979 251 1213 202 
891 591 276 216 652 
1145 332 384 130 305 
1228 396 463 273 720 
1018 1360 219 175 906 
967 1074 69 130 409 
459 663 1206 759 860 
1234 1277 35 597 43 
167 136 296 1141 305 
1115 986 730 1021 1199 
109 733 509 976 921 
5 659 639 1028 288 
853 49 501 626 919 
801 436 1330 343 365 
328 946 1231 880 731 
884 1075 557 1330 101 
463 971 273 1359 253 
1129 328 855 175 1164 
1094 636 795 393 1364 
244 76 624 143 998 
468 305 538 431 358 
884 551 1013 646 1340 
423 328 837 925 846 
1388 949 61 1294 246 
69 14 472 624 143 
72 411 245 202 284 
633 568 717 1351 652 
967 1185 358 60 984 
896 774 302 565 1216 
737 887 794 966 339 
255 1291 1357 463 952 
978 29 297 483 669 
652 717 562 633 1119 
1009 1260 926 655 888 
473 205 947 1196 17 
746 624 521 171 1247 
299 880 328 860 1122 
328 764 130 875 967 
844 183 583 1098 462 
151 1106 1070 239 727 
856 1163 104 829 664 
269 962 596 767 1019 
713 1060 276 1173 1255 
1184 1313 557 884 1013 
383 901 64 1089 50 
854 860 25 1040 339 
1103 914 183 764 61 
404 260 471 1313 286 
596 402 191 788 613 
205 17 523 473 1153 
587 473 1007 304 873 
586 571 85 757 278 
412 359 1120 107 879 
46 919 565 1087 424 
276 280 627 774 1173 
613 896 8 632 893 
204 581 328 1040 731 
357 1023 1154 1190 138 
783 1383 386 80 124 
1224 492 1087 626 664 
632 613 269 767 961 
945 863 1014 966 1148 
1175 759 911 381 1318 
647 192 130 1266 46 
703 512 1334 917 21 
388 1321 136 167 50 
1319 966 876 1217 341 
85 134 524 652 630 
243 1073 605 609 1165 
1199 705 1073 823 517 
154 351 323 173 1085 
657 1078 224 1227 255 
891 276 1082 863 112 
1165 604 243 1073 461 
79 459 357 1260 843 
182 249 582 1072 289 
487 398 952 21 600 
591 632 46 874 903 
1040 36 879 61 1206 
363 1317 1215 1341 322 
290 984 1074 125 647 
726 799 839 1158 1048 
1365 1374 431 290 468 
1087 1320 1158 626 446 
61 528 278 624 623 
882 623 196 620 528 
9 1111 339 132 680 
504 882 764 188 173 
911 759 36 61 1014 
978 170 393 763 1160 
1087 1224 595 446 424 
254 280 1130 434 105 
737 999 1307 36 759 
777 847 1215 494 363 
1077 737 795 532 757 
481 882 621 482 620 
945 853 46 613 596 
652 653 562 1370 568 
682 1258 1278 1131 273 
1136 1190 9 339 887 
676 385 713 1364 1094 
820 591 112 1208 384 
1256 658 398 1015 819 
508 390 1230 376 695 
485 181 1249 1357 1206 
726 1297 1264 1172 446 
774 461 1327 1165 1069 
571 1171 44 746 523 
1341 373 1355 253 363 
368 266 959 1022 126 
884 925 557 551 1075 
599 192 130 878 384 
138 952 496 395 1205 
617 369 257 839 1109 
604 1076 605 1073 243 
1185 166 1124 409 219 
633 568 562 717 653 
633 652 716 562 1351 
145 1267 1387 1103 435 
1267 1141 795 868 737 
863 596 820 1356 221 
527 255 607 506 470 
1256 782 662 638 819 
5 540 288 875 230 
958 184 495 484 1374 
846 1166 283 1339 807 
819 658 1256 638 1176 
14 966 127 581 1206 
747 492 1126 326 1380 
337 61 344 56 122 
826 1019 209 248 185 
434 1363 599 1296 130 
1194 214 771 1220 1083 
1135 627 254 225 422 
359 1078 1182 324 264 
1049 349 420 876 591 
236 776 1348 405 851 
676 1363 341 479 565 
795 737 1363 36 966 
676 1175 344 2 1294 
1363 636 1042 713 1319 
945 632 271 291 46 
707 82 636 804 894 
221 1235 244 555 821 
887 277 1030 1042 339 
764 738 244 469 260 
617 1298 634 799 1258 
1019 1245 61 384 247 
1184 61 1105 919 764 
1184 155 1322 47 1156 
1196 176 605 1118 1371 
124 176 691 686 1293 
1369 664 1034 172 771 
1062 960 283 1162 702 
1344 1391 966 1318 1139 
1293 1369 124 1383 664 
961 269 596 1322 348 
184 404 961 945 1288 
889 470 506 487 422 
328 289 508 265 1092 
451 1331 802 455 581 
966 61 878 549 893 
1073 705 823 1021 604 
550 873 150 1062 923 
960 283 124 418 824 
1265 898 1195 136 408 
460 452 1126 1369 1076 
600 512 1334 720 21 
1359 1291 398 319 487 
1073 1083 1021 823 605 
1030 1330 1252 1150 516 
1019 678 269 1088 332 
562 633 1351 568 717 
359 801 967 399 879 
1141 305 781 1339 1364 
1019 69 692 262 909 
810 8 531 385 794 
754 636 877 385 676 
1370 717 1351 715 562 
633 1351 1370 562 717 
633 652 653 717 568 
568 562 1370 652 633 
1003 619 740 398 517 
224 780 1251 889 378 
703 600 1334 512 396 
162 777 169 970 756 
1226 1209 1126 1069 664 
1120 143 1078 366 412 
1357 1291 309 506 26 
286 521 504 538 260 
1264 1297 1172 1158 799 
502 151 1070 238 990 
536 1213 504 471 450 
495 1333 299 798 118 
986 1115 338 517 1220 
1026 328 581 36 836 
171 316 880 416 495 
546 684 61 560 1059 
219 919 101 46 878 
1117 475 1078 1023 321 
538 144 14 1014 759 
795 1057 794 887 565 
958 1348 1287 62 345 
565 1330 1016 966 896 
1210 224 737 349 966 
941 1094 509 466 221 
328 1374 1347 290 60 
953 375 1325 831 350 
1192 212 526 183 276 
85 1299 744 404 260 
571 1337 678 893 692 
664 492 1090 326 1380 
1016 627 1346 565 966 
1033 994 370 1133 806 
278 169 1364 636 1306 
892 1318 758 1391 1043 
829 1163 1147 104 326 
767 252 1337 114 961 
713 277 887 1050 565 
1175 1061 344 676 806 
1152 565 737 680 1030 
1364 1307 1066 392 630 
1295 870 1006 1042 751 
1057 737 1364 795 36 
257 576 104 609 856 
778 617 726 1147 825 
1364 1151 1104 497 893 
366 989 1120 757 325 
61 62 328 118 219 
1166 4 846 1340 1363 
1159 1212 619 1015 782 
596 753 961 252 577 
935 112 636 276 820 
636 751 1112 750 1133 
454 1052 911 764 893 
1369 688 214 702 172 
290 82 192 442 124 
71 756 498 349 184 
1148 903 46 1110 326 
97 1203 270 872 529 
8 236 591 632 896 
352 1175 1358 970 629 
446 619 1087 726 1327 
60 878 1183 1154 175 
378 224 302 719 1212 
51 269 61 538 130 
658 1212 1159 883 1158 
594 124 1169 691 1383 
469 450 1183 958 1235 
772 442 290 1325 1235 
674 1057 795 737 531 
1175 210 344 355 970 
632 613 591 945 596 
829 691 1006 1043 1293 
239 267 638 604 398 
1050 1307 139 803 773 
388 376 1009 50 1053 
435 559 119 43 1103 
339 887 966 737 1057 
737 1057 887 794 966 
1351 562 17 473 205 
170 1153 272 32 449 
1329 729 1333 260 2 
726 617 1264 1297 1158 
848 139 63 807 278 
436 549 321 936 1270 
1331 1216 1190 339 1157 
1016 1346 92 208 1363 
906 596 893 76 713 
1184 183 504 582 1313 
1384 755 676 1175 1033 
1364 106 759 1252 1151 
893 76 764 107 1363 
887 56 999 1061 226 
712 8 531 420 349 
352 956 1057 795 392 
1386 577 348 1128 269 
260 70 1254 891 473 
122 918 331 356 1080 
462 104 953 101 576 
427 1249 761 605 224 
999 226 794 1057 737 
1057 795 1133 999 680 
1015 662 658 638 1256 
863 591 945 759 624 
219 984 906 192 599 
827 477 789 1293 687 
705 1083 1021 1073 605 
963 1293 700 386 283 
726 1147 617 1158 1264 
495 666 248 4 1056 
283 96 1293 822 386 
442 443 1347 785 867 
752 576 104 1383 386 
1347 828 579 1235 1322 
82 1325 599 1192 743 
1029 636 1036 1319 1317 
1384 370 806 56 690 
517 705 1073 1076 604 
873 1310 160 675 750 
60 1299 1185 984 219 
423 846 328 408 437 
1326 485 1092 157 1387 
726 1158 1172 617 1048 
36 759 1307 1364 911 
1279 1285 535 244 337 
1286 1242 1258 852 1291 
357 610 233 872 542 
92 1313 1346 276 1330 
188 24 632 961 271 
328 1166 925 854 646 
520 629 40 2 1319 
63 218 458 1308 807 
918 1362 1317 1033 1252 
221 83 571 624 381 
776 1233 632 436 801 
1131 799 1079 617 726 
49 548 501 632 599 
581 860 25 339 925 
646 553 987 1157 982 
576 1163 104 257 413 
