906 
994 
1319 
1253 
1156 
230 
1077 
325 
776 
1111 
39 
375 
1196 
50 
893 
1054 
893 
205 
870 
960 
1117 
600 
94 
21 
67 
581 
320 
63 
680 
328 
840 
290 
1151 
1340 
505 
76 
61 
507 
118 
342 
860 
459 
1321 
143 
154 
241 
424 
884 
1334 
853 
508 
853 
919 
1072 
981 
1080 
1363 
343 
1184 
1201 
984 
384 
61 
848 
771 
94 
340 
24 
109 
1019 
1263 
773 
1241 
233 
363 
563 
316 
7 
1123 
202 
902 
283 
332 
523 
276 
300 
90 
1023 
836 
328 
86 
330 
1346 
1139 
65 
759 
691 
775 
1357 
154 
248 
551 
14 
883 
1163 
254 
1061 
485 
1363 
546 
260 
295 
863 
297 
853 
1060 
67 
632 
173 
695 
663 
356 
918 
966 
687 
290 
1022 
817 
1108 
1388 
332 
935 
1358 
896 
1001 
719 
1321 
353 
224 
200 
175 
1250 
355 
43 
984 
565 
692 
926 
1103 
180 
792 
727 
521 
355 
606 
1156 
155 
119 
212 
651 
161 
344 
1057 
906 
1060 
455 
1185 
1321 
65 
499 
901 
732 
1069 
118 
310 
982 
476 
886 
1046 
738 
45 
309 
1098 
212 
1319 
2 
475 
1255 
624 
1019 
1267 
49 
599 
1024 
319 
1055 
865 
205 
884 
1066 
374 
556 
79 
1283 
592 
17 
297 
1106 
1252 
303 
1175 
118 
183 
878 
1090 
1068 
1330 
1201 
1150 
878 
265 
906 
218 
255 
1251 
1135 
999 
772 
914 
1070 
5 
475 
296 
302 
223 
422 
405 
498 
502 
528 
118 
45 
295 
604 
880 
411 
1066 
49 
1122 
1098 
205 
135 
1337 
966 
1130 
1251 
605 
1110 
61 
413 
471 
52 
351 
305 
297 
581 
1156 
239 
520 
596 
775 
896 
864 
552 
421 
1075 
627 
680 
1364 
121 
1130 
1076 
1062 
691 
383 
283 
260 
313 
294 
695 
125 
1117 
357 
646 
399 
50 
1321 
328 
62 
572 
85 
1341 
780 
384 
315 
538 
1260 
695 
1069 
1357 
174 
1156 
846 
1265 
417 
1318 
76 
581 
468 
581 
26 
492 
372 
154 
395 
204 
747 
1085 
695 
884 
1391 
122 
130 
1040 
193 
636 
367 
665 
904 
887 
627 
966 
372 
627 
1175 
632 
419 
313 
472 
671 
471 
14 
777 
137 
1364 
353 
137 
1023 
967 
879 
372 
647 
506 
615 
940 
513 
763 
713 
645 
726 
1033 
344 
342 
644 
200 
444 
508 
1144 
780 
508 
817 
836 
8 
284 
130 
636 
1383 
737 
50 
457 
508 
418 
1057 
795 
1076 
324 
463 
221 
224 
984 
1267 
413 
1245 
40 
286 
236 
872 
1086 
846 
651 
1334 
965 
1120 
401 
269 
919 
880 
1371 
700 
1076 
419 
169 
506 
925 
46 
623 
505 
879 
694 
884 
987 
350 
250 
133 
1130 
183 
936 
901 
278 
166 
591 
890 
290 
1177 
375 
1106 
1087 
1118 
1337 
401 
504 
696 
1126 
1277 
1364 
802 
439 
1183 
970 
41 
1076 
1380 
815 
396 
731 
987 
76 
118 
318 
784 
889 
993 
893 
205 
1265 
422 
176 
476 
1196 
1016 
837 
631 
1038 
978 
495 
695 
653 
600 
1037 
386 
1018 
1293 
747 
879 
970 
130 
138 
1094 
71 
970 
472 
932 
727 
538 
450 
993 
422 
450 
376 
14 
984 
376 
1334 
365 
1257 
328 
1217 
834 
318 
224 
847 
630 
565 
591 
85 
703 
1075 
889 
101 
1203 
526 
966 
1077 
1215 
1086 
376 
728 
891 
1145 
1228 
1018 
967 
459 
1234 
167 
1115 
109 
5 
853 
801 
328 
884 
463 
1129 
1094 
244 
468 
884 
423 
1388 
69 
72 
633 
967 
896 
737 
255 
978 
652 
1009 
473 
746 
299 
328 
844 
151 
856 
269 
713 
1184 
383 
854 
1103 
404 
596 
205 
587 
586 
412 
46 
276 
613 
204 
357 
783 
1224 
632 
945 
1175 
647 
703 
388 
1319 
85 
243 
1199 
154 
657 
891 
1165 
79 
182 
487 
591 
1040 
363 
290 
726 
1365 
1087 
61 
882 
9 
504 
911 
978 
1087 
254 
737 
777 
1077 
481 
945 
652 
682 
1136 
676 
820 
1256 
508 
485 
726 
774 
571 
1341 
368 
884 
599 
138 
617 
604 
1185 
633 
633 
145 
1267 
863 
527 
1256 
5 
958 
846 
819 
14 
747 
337 
826 
434 
1194 
1135 
359 
1049 
236 
676 
795 
676 
1363 
945 
707 
221 
887 
764 
617 
1019 
1184 
1184 
1196 
124 
1369 
1062 
1344 
1293 
961 
184 
889 
328 
451 
966 
1073 
550 
960 
1265 
460 
600 
1359 
1073 
1030 
1019 
562 
359 
1141 
1019 
810 
754 
1370 
633 
633 
568 
1003 
224 
703 
162 
1226 
1120 
1357 
286 
1264 
502 
536 
495 
986 
1026 
171 
546 
219 
1117 
538 
795 
958 
565 
1210 
941 
328 
953 
1192 
85 
571 
664 
1016 
1033 
278 
892 
829 
767 
713 
1175 
1152 
1364 
1295 
1057 
257 
778 
1364 
366 
61 
1166 
1159 
596 
935 
636 
454 
1369 
290 
71 
1148 
97 
8 
352 
446 
60 
378 
51 
658 
594 
469 
772 
674 
1175 
632 
829 
239 
1050 
388 
435 
339 
737 
1351 
170 
1329 
726 
848 
436 
1331 
1016 
906 
1184 
1384 
1364 
893 
887 
712 
352 
1386 
260 
122 
462 
427 
999 
1057 
1015 
863 
219 
827 
705 
963 
726 
495 
283 
442 
752 
1347 
82 
1029 
1384 
517 
873 
60 
423 
1326 
726 
36 
1279 
1286 
357 
92 
188 
328 
520 
63 
918 
221 
776 
1131 
49 
581 
646 
576 
