906 1192 466 
994 1363 1271 
1319 966 385 
1253 1327 104 
1156 1337 1208 
230 659 381 
1077 914 1138 
325 86 77 
776 591 712 
1111 622 339 
39 1215 499 
375 953 1255 
1196 760 96 
50 508 379 
893 663 351 
1054 1057 759 
893 795 1151 
205 857 1374 
870 1043 751 
960 771 881 
1117 1212 424 
600 703 512 
94 65 506 
21 1182 512 
67 874 213 
581 854 925 
320 198 225 
63 848 807 
680 1066 887 
328 764 695 
840 1364 710 
290 125 468 
1151 1077 1128 
1340 1184 1322 
505 1365 391 
76 906 1074 
61 759 384 
507 450 784 
118 240 1086 
342 1046 1319 
860 403 985 
459 599 1266 
1321 50 167 
143 495 1019 
154 1085 252 
241 313 240 
424 1087 626 
884 1322 557 
1334 512 703 
853 548 46 
508 388 13 
853 384 1245 
919 213 878 
1072 1291 655 
981 1097 31 
1080 809 56 
1363 809 356 
343 92 1363 
1184 526 919 
1201 929 772 
984 836 219 
384 581 1086 
61 384 1245 
848 237 800 
771 1027 901 
94 973 1174 
340 590 280 
24 116 878 
109 546 30 
1019 1323 1161 
1263 1171 41 
773 498 349 
1241 284 561 
233 357 1232 
363 1036 1215 
563 556 399 
316 958 893 
7 388 989 
1123 946 399 
202 610 357 
902 960 594 
283 1169 783 
332 192 130 
523 521 189 
276 1330 1014 
300 591 745 
90 1026 846 
1023 1006 148 
836 1057 118 
328 119 695 
86 1092 515 
330 591 501 
1346 1313 1330 
1139 1331 802 
65 973 105 
759 820 305 
691 722 386 
775 1203 529 
1357 1182 952 
154 606 351 
248 379 1056 
551 1075 884 
14 911 560 
883 984 1102 
1163 1069 747 
254 1130 627 
1061 1042 1364 
485 29 808 
1363 1317 56 
546 962 571 
260 283 745 
295 86 1132 
863 497 1356 
297 1032 764 
853 596 632 
1060 351 713 
67 247 49 
632 945 591 
173 467 38 
695 967 89 
663 303 1206 
356 809 353 
918 1362 331 
966 46 436 
687 177 691 
290 471 984 
1022 266 998 
817 966 226 
1108 1265 347 
1388 777 615 
332 384 647 
935 278 1066 
1358 622 1152 
896 433 1270 
1001 205 989 
719 1334 224 
1321 1026 408 
353 355 999 
224 1078 917 
200 1060 221 
175 457 764 
1250 980 1188 
355 1175 1307 
43 472 175 
984 60 1206 
565 956 340 
692 543 332 
926 914 530 
1103 260 87 
180 1059 45 
792 699 232 
727 502 1070 
521 757 630 
355 1175 755 
606 1085 323 
1156 41 1154 
155 926 1058 
119 695 469 
212 183 1296 
651 951 399 
161 1364 1066 
344 1364 1066 
1057 794 1358 
906 466 0 
1060 628 454 
455 225 1217 
1185 439 1037 
1321 544 136 
65 320 925 
499 352 777 
901 437 846 
732 893 976 
1069 452 1090 
118 60 467 
310 476 176 
982 1183 1154 
476 895 174 
886 124 688 
1046 540 864 
738 958 1287 
45 240 118 
309 640 1357 
1098 260 183 
212 961 1103 
1319 676 1042 
2 106 208 
475 349 565 
1255 340 1060 
624 953 845 
1019 922 83 
1267 1259 15 
49 1245 584 
599 647 906 
1024 334 493 
319 172 1032 
1055 74 508 
865 591 945 
205 639 376 
884 646 26 
1066 911 887 
374 139 28 
556 431 468 
79 975 869 
1283 248 209 
592 581 860 
17 250 1374 
297 508 82 
1106 1349 347 
1252 1061 185 
303 61 1364 
1175 344 970 
118 38 180 
183 158 744 
878 1183 951 
1090 452 460 
1068 1227 475 
1330 551 1271 
1201 125 442 
1150 342 363 
878 1360 1299 
265 1156 1329 
906 212 439 
218 998 342 
255 1078 224 
1251 879 398 
1135 422 627 
999 339 817 
772 442 358 
914 343 926 
1070 324 1240 
5 659 67 
475 914 377 
296 1321 295 
302 223 972 
223 291 422 
422 1078 506 
405 896 501 
498 1135 1217 
502 727 1070 
528 158 101 
118 38 1086 
45 738 113 
295 1326 50 
604 605 1069 
880 175 555 
411 965 977 
1066 1219 938 
49 130 591 
1122 495 379 
1098 183 868 
205 432 1153 
135 1201 536 
1337 753 767 
966 339 1355 
1130 627 280 
1251 1291 975 
605 1115 517 
1110 609 104 
61 854 459 
413 1255 1075 
471 286 313 
52 599 526 
351 69 804 
305 710 1365 
297 328 295 
581 854 328 
1156 840 258 
239 528 538 
520 955 847 
596 577 1019 
775 872 97 
896 677 236 
864 325 710 
552 463 1298 
421 1077 260 
1075 1184 1330 
627 713 254 
680 887 1030 
1364 935 1151 
121 56 353 
1130 627 254 
1076 1126 492 
1062 1194 124 
691 489 1374 
383 963 1062 
283 386 960 
260 404 471 
313 742 58 
294 88 1070 
695 485 328 
125 60 906 
1117 365 972 
357 927 512 
646 1013 987 
399 502 288 
50 328 379 
1321 167 534 
328 264 379 
62 1235 764 
572 729 860 
85 795 764 
1341 363 1252 
780 1117 224 
384 130 647 
315 1247 1108 
538 965 759 
1260 1339 846 
695 300 29 
1069 172 183 
1357 7 724 
174 476 477 
1156 221 959 
846 533 837 
1265 1347 260 
417 1371 473 
1318 1080 1252 
76 906 880 
581 860 854 
468 1325 599 
581 255 1359 
26 925 973 
492 878 595 
372 363 615 
154 351 262 
395 588 792 
204 1206 731 
747 1110 664 
1085 44 154 
695 581 731 
884 540 646 
1391 1071 385 
122 849 918 
130 538 384 
1040 25 319 
193 496 463 
636 759 1364 
367 676 754 
665 76 61 
904 1220 1194 
887 966 794 
627 1313 343 
966 1057 531 
372 39 1046 
627 887 422 
1175 161 106 
632 1245 945 
419 214 1303 
313 157 959 
472 863 692 
671 876 565 
471 431 743 
14 893 303 
777 999 1057 
137 355 999 
1364 750 278 
353 137 363 
137 353 56 
1023 600 25 
967 1347 563 
879 971 412 
372 342 1364 
647 1183 415 
506 422 470 
615 1341 339 
940 304 701 
513 1117 291 
763 723 1258 
713 636 999 
645 1022 266 
726 1109 1264 
1033 1363 1362 
344 1318 142 
342 360 322 
644 1341 802 
200 208 355 
444 743 953 
508 379 328 
1144 526 919 
780 1212 224 
508 376 328 
817 127 531 
836 130 1318 
8 415 591 
284 580 1027 
130 61 1245 
636 1319 1094 
1383 829 489 
737 1358 226 
50 376 792 
457 119 959 
508 639 50 
418 124 700 
1057 1219 1066 
795 737 1057 
1076 461 460 
324 1240 496 
463 720 600 
221 1185 967 
224 487 1251 
984 60 328 
1267 914 582 
413 646 854 
1245 403 1019 
40 61 62 
286 260 212 
236 46 548 
872 529 1203 
1086 173 38 
846 136 837 
651 951 1185 
1334 948 952 
965 305 224 
1120 879 359 
401 581 860 
269 1019 591 
919 49 361 
880 572 946 
1371 174 478 
700 124 1365 
1076 420 460 
419 1090 1163 
169 864 777 
506 889 1135 
925 25 837 
46 1087 626 
623 473 1059 
505 442 772 
879 224 1120 
694 470 889 
884 1322 469 
987 846 86 
350 556 468 
250 1328 205 
133 932 253 
1130 627 280 
183 764 958 
936 801 1270 
901 837 423 
278 757 300 
166 1074 1185 
591 804 415 
890 1195 1265 
290 772 332 
1177 1184 1072 
375 905 518 
1106 990 151 
1087 1297 1264 
1118 176 1196 
1337 184 844 
401 914 846 
504 46 1011 
696 1183 319 
1126 460 747 
1277 1347 505 
1364 795 1309 
1331 802 627 
439 1074 60 
1183 878 967 
970 777 1358 
41 914 1266 
1076 1126 702 
1380 1165 1090 
815 183 104 
396 1228 552 
731 1040 1026 
987 151 430 
76 316 781 
118 173 62 
318 556 1325 
784 457 1338 
889 971 694 
993 260 125 
893 143 14 
205 17 283 
1265 403 313 
422 522 565 
176 310 174 
476 310 176 
1196 417 176 
1016 966 737 
837 742 1345 
631 620 848 
1038 882 620 
978 1262 944 
495 43 76 
695 289 592 
653 652 716 
600 917 398 
1037 166 651 
386 283 124 
1018 1205 206 
1293 691 124 
747 1224 595 
879 224 600 
970 1215 629 
130 248 764 
138 395 493 
1094 945 1356 
71 1356 349 
970 1358 1057 
472 863 349 
932 548 853 
727 238 294 
538 710 364 
450 1011 219 
993 471 350 
422 889 1144 
450 495 738 
376 50 379 
14 1151 538 
984 192 906 
376 218 322 
1334 600 703 
365 1078 1117 
1257 496 1182 
328 731 408 
1217 1042 1046 
834 605 1115 
318 519 1325 
224 599 647 
847 268 866 
630 757 523 
565 475 215 
591 521 1392 
85 745 1077 
703 952 396 
1075 914 1330 
889 470 657 
101 239 551 
1203 872 97 
526 1026 854 
966 737 341 
1077 630 169 
1215 644 437 
1086 1321 581 
376 297 1123 
728 979 251 
891 591 276 
1145 332 384 
1228 396 463 
1018 1360 219 
967 1074 69 
459 663 1206 
1234 1277 35 
167 136 296 
1115 986 730 
109 733 509 
5 659 639 
853 49 501 
801 436 1330 
328 946 1231 
884 1075 557 
463 971 273 
1129 328 855 
1094 636 795 
244 76 624 
468 305 538 
884 551 1013 
423 328 837 
1388 949 61 
69 14 472 
72 411 245 
633 568 717 
967 1185 358 
896 774 302 
737 887 794 
255 1291 1357 
978 29 297 
652 717 562 
1009 1260 926 
473 205 947 
746 624 521 
299 880 328 
328 764 130 
844 183 583 
151 1106 1070 
856 1163 104 
269 962 596 
713 1060 276 
1184 1313 557 
383 901 64 
854 860 25 
1103 914 183 
404 260 471 
596 402 191 
205 17 523 
587 473 1007 
586 571 85 
412 359 1120 
46 919 565 
276 280 627 
613 896 8 
204 581 328 
357 1023 1154 
783 1383 386 
1224 492 1087 
632 613 269 
945 863 1014 
1175 759 911 
647 192 130 
703 512 1334 
388 1321 136 
1319 966 876 
85 134 524 
243 1073 605 
1199 705 1073 
154 351 323 
657 1078 224 
891 276 1082 
1165 604 243 
79 459 357 
182 249 582 
487 398 952 
591 632 46 
1040 36 879 
363 1317 1215 
290 984 1074 
726 799 839 
1365 1374 431 
1087 1320 1158 
61 528 278 
882 623 196 
9 1111 339 
504 882 764 
911 759 36 
978 170 393 
1087 1224 595 
254 280 1130 
737 999 1307 
777 847 1215 
1077 737 795 
481 882 621 
945 853 46 
652 653 562 
682 1258 1278 
1136 1190 9 
676 385 713 
820 591 112 
1256 658 398 
508 390 1230 
485 181 1249 
726 1297 1264 
774 461 1327 
571 1171 44 
1341 373 1355 
368 266 959 
884 925 557 
599 192 130 
138 952 496 
617 369 257 
604 1076 605 
1185 166 1124 
633 568 562 
633 652 716 
145 1267 1387 
1267 1141 795 
863 596 820 
527 255 607 
1256 782 662 
5 540 288 
958 184 495 
846 1166 283 
819 658 1256 
14 966 127 
747 492 1126 
337 61 344 
826 1019 209 
434 1363 599 
1194 214 771 
1135 627 254 
359 1078 1182 
1049 349 420 
236 776 1348 
676 1363 341 
795 737 1363 
676 1175 344 
1363 636 1042 
945 632 271 
707 82 636 
221 1235 244 
887 277 1030 
764 738 244 
617 1298 634 
1019 1245 61 
1184 61 1105 
1184 155 1322 
1196 176 605 
124 176 691 
1369 664 1034 
1062 960 283 
1344 1391 966 
1293 1369 124 
961 269 596 
184 404 961 
889 470 506 
328 289 508 
451 1331 802 
966 61 878 
1073 705 823 
550 873 150 
960 283 124 
1265 898 1195 
460 452 1126 
600 512 1334 
1359 1291 398 
1073 1083 1021 
1030 1330 1252 
1019 678 269 
562 633 1351 
359 801 967 
1141 305 781 
1019 69 692 
810 8 531 
754 636 877 
1370 717 1351 
633 1351 1370 
633 652 653 
568 562 1370 
1003 619 740 
224 780 1251 
703 600 1334 
162 777 169 
1226 1209 1126 
1120 143 1078 
1357 1291 309 
286 521 504 
1297 1264 1172 
502 151 1070 
536 1213 504 
495 1333 299 
986 1115 338 
1026 328 581 
171 316 880 
546 684 61 
219 919 101 
1117 475 1078 
538 144 14 
795 1057 794 
958 1348 1287 
565 1330 1016 
1210 224 737 
941 1094 509 
328 1374 1347 
953 375 1325 
1192 212 526 
85 1299 744 
571 1337 678 
664 492 1090 
1016 627 1346 
1033 994 370 
278 169 1364 
892 1318 758 
829 1163 1147 
767 252 1337 
713 277 887 
1175 1061 344 
1152 565 737 
1364 1307 1066 
1295 870 1006 
1057 737 1364 
257 576 104 
778 617 726 
1364 1151 1104 
366 989 1120 
61 62 328 
1166 4 846 
1159 1212 619 
596 753 961 
935 112 636 
636 751 1112 
454 1052 911 
1369 688 214 
290 82 192 
71 756 498 
1148 903 46 
97 1203 270 
8 236 591 
352 1175 1358 
446 619 1087 
60 878 1183 
378 224 302 
51 269 61 
658 1212 1159 
594 124 1169 
469 450 1183 
772 442 290 
674 1057 795 
1175 210 344 
632 613 591 
829 691 1006 
239 267 638 
1050 1307 139 
388 376 1009 
435 559 119 
339 887 966 
737 1057 887 
1351 562 17 
170 1153 272 
1329 729 1333 
726 617 1264 
848 139 63 
436 549 321 
1331 1216 1190 
1016 1346 92 
906 596 893 
1184 183 504 
1384 755 676 
1364 106 759 
893 76 764 
887 56 999 
712 8 531 
352 956 1057 
1386 577 348 
260 70 1254 
122 918 331 
462 104 953 
427 1249 761 
999 226 794 
1057 795 1133 
1015 662 658 
863 591 945 
219 984 906 
827 477 789 
705 1083 1021 
963 1293 700 
726 1147 617 
495 666 248 
283 96 1293 
442 443 1347 
752 576 104 
1347 828 579 
82 1325 599 
1029 636 1036 
1384 370 806 
517 705 1073 
873 1310 160 
60 1299 1185 
423 846 328 
1326 485 1092 
726 1158 1172 
36 759 1307 
1279 1285 535 
1286 1242 1258 
357 610 233 
92 1313 1346 
188 24 632 
328 1166 925 
520 629 40 
63 218 458 
918 1362 1317 
221 83 571 
776 1233 632 
1131 799 1079 
49 548 501 
581 860 25 
646 553 987 
576 1163 104 
