651 1014 491 
849 315 448 
1059 1108 625 
528 118 853 
1365 1356 351 
688 461 599 
107 100 494 
143 731 1274 
921 546 528 
968 622 739 
1306 857 1326 
461 5 688 
445 417 1345 
535 807 732 
150 145 353 
503 97 394 
988 1293 957 
1328 260 1318 
1350 1095 733 
1358 601 388 
1162 224 527 
25 925 141 
506 65 465 
530 1154 1126 
492 878 118 
925 581 854 
854 551 669 
893 636 47 
93 891 381 
14 150 653 
497 33 1392 
58 1392 895 
516 832 383 
497 30 987 
1010 861 908 
495 507 485 
7 144 873 
679 1093 1389 
1039 109 125 
832 950 180 
1329 266 876 
1119 150 1238 
515 157 6 
742 242 417 
120 779 1047 
164 586 1060 
836 444 117 
735 81 893 
588 344 412 
381 1192 891 
533 792 511 
291 318 201 
919 449 413 
575 1098 449 
905 540 541 
540 54 831 
938 1127 1198 
147 1063 1074 
31 895 1392 
780 221 772 
11 461 46 
989 296 494 
340 810 868 
870 170 847 
1230 1370 615 
465 423 1188 
163 630 1133 
1115 1238 41 
807 355 762 
765 1046 692 
211 555 285 
913 1317 123 
1327 1182 684 
1294 940 503 
508 1107 376 
733 18 466 
723 894 286 
412 42 515 
1230 312 64 
1389 708 1037 
1322 1104 742 
47 735 906 
386 1118 1091 
109 200 785 
349 283 270 
908 181 715 
383 289 379 
1200 569 36 
836 382 338 
731 495 244 
1070 203 232 
565 914 145 
1346 999 151 
28 330 290 
1188 465 1130 
828 500 115 
453 481 106 
825 463 406 
906 527 724 
0 491 688 
107 6 494 
253 1157 1075 
351 1153 1356 
563 409 267 
1366 1210 1355 
254 579 1313 
1196 208 207 
100 6 494 
12 96 507 
563 200 83 
711 521 1247 
983 1044 895 
283 1347 287 
416 244 372 
650 1039 261 
675 1006 128 
1119 41 378 
46 836 518 
1014 1360 886 
580 322 197 
44 217 1047 
142 1061 27 
915 1026 178 
801 1315 1042 
91 1146 307 
361 1085 38 
442 364 601 
141 1226 419 
115 774 675 
1088 167 719 
911 505 588 
630 277 756 
269 220 861 
380 497 58 
478 685 1061 
309 1144 1357 
1274 1032 731 
960 757 1189 
1147 709 1144 
1148 893 759 
14 231 1274 
460 226 1076 
121 1318 336 
7 1223 592 
929 36 7 
565 736 759 
1214 1390 1081 
57 540 1074 
593 540 54 
729 1362 692 
14 145 354 
92 1346 553 
205 435 344 
477 256 920 
1045 1103 833 
159 1345 372 
890 155 481 
515 42 573 
1392 1181 447 
1312 155 417 
654 1062 474 
199 736 544 
497 33 1271 
181 66 179 
990 346 45 
295 880 1174 
589 951 939 
898 129 335 
1215 100 107 
1328 348 285 
847 393 1108 
265 565 122 
702 674 759 
782 1087 924 
310 548 326 
136 1032 731 
757 1303 1181 
665 504 1207 
1061 738 893 
1133 181 1050 
39 832 393 
179 1050 1133 
80 1166 1104 
1113 685 171 
1214 1095 195 
438 758 797 
876 1163 413 
199 1115 1238 
377 1360 924 
749 744 874 
1168 1142 358 
1095 483 350 
303 375 444 
359 875 1221 
1349 523 997 
1033 1095 313 
1324 1323 814 
322 901 301 
1017 26 1299 
346 736 674 
109 83 563 
656 949 1006 
889 1070 923 
359 668 50 
424 759 592 
152 435 344 
1252 285 571 
1091 208 169 
207 106 386 
222 304 849 
672 392 274 
64 70 1230 
217 563 606 
1157 1190 902 
226 1110 887 
422 92 817 
961 302 602 
221 772 109 
264 1164 1174 
451 936 452 
139 912 725 
217 59 772 
611 304 209 
449 1329 233 
1114 1162 727 
1136 925 343 
214 966 1090 
1160 542 386 
343 1135 225 
324 971 991 
41 707 354 
951 140 14 
284 296 107 
953 1329 575 
1218 1263 1338 
1291 475 527 
980 1156 1233 
516 86 866 
409 103 200 
1066 358 873 
829 1072 602 
1051 1039 38 
372 43 159 
141 460 1126 
416 113 372 
251 384 1023 
930 963 965 
67 239 389 
928 295 1369 
478 80 1308 
160 480 1387 
245 384 948 
958 171 333 
902 1075 854 
1340 627 105 
357 975 600 
477 1312 1314 
512 1334 293 
633 1392 982 
340 449 367 
1378 336 313 
114 276 734 
304 745 367 
877 1197 1133 
1164 416 289 
888 747 424 
1348 1017 1317 
409 563 103 
847 520 1108 
270 775 1080 
269 323 843 
874 338 714 
861 1049 349 
1278 156 1242 
811 1007 1311 
176 460 1303 
829 1152 734 
915 745 418 
274 210 1368 
869 1211 507 
479 531 551 
501 1190 326 
1266 139 1148 
583 84 849 
355 943 232 
1106 1166 1254 
584 76 1111 
298 392 179 
332 1070 485 
416 383 297 
1093 484 93 
51 774 977 
1224 595 357 
257 1076 460 
1074 224 541 
165 880 1174 
1215 494 550 
416 289 1364 
287 425 1050 
1160 567 554 
1222 1254 260 
322 197 535 
350 596 472 
382 836 934 
262 222 918 
503 72 477 
1362 987 370 
1013 864 124 
1268 1168 477 
135 1250 204 
932 174 326 
351 31 1356 
64 1230 78 
1095 195 1061 
347 1081 583 
849 1 918 
1336 55 510 
1041 887 214 
51 1165 375 
141 747 669 
1135 228 919 
492 398 59 
301 197 1341 
270 269 1134 
971 991 229 
1206 737 888 
548 310 174 
886 509 853 
1299 695 731 
994 1247 711 
93 584 28 
354 814 191 
288 923 1070 
801 171 1113 
1314 1312 362 
898 145 478 
260 142 1354 
1022 1302 435 
934 271 836 
854 646 1090 
259 62 52 
759 335 702 
866 363 837 
1330 1090 887 
1211 435 288 
810 30 33 
199 757 736 
1372 575 706 
857 169 571 
420 84 1049 
302 596 472 
311 1356 488 
1151 435 205 
736 1303 674 
150 371 178 
284 943 68 
801 685 629 
1266 512 600 
597 239 1066 
203 668 875 
511 792 601 
125 1085 779 
1314 334 1345 
946 1321 837 
126 792 68 
1124 1037 734 
670 155 1242 
304 611 918 
960 1201 1284 
1187 682 975 
1362 306 916 
906 389 354 
244 416 535 
978 289 297 
42 77 442 
444 192 338 
910 508 74 
188 1014 924 
1119 116 674 
580 508 1107 
343 887 1330 
990 931 1119 
941 303 836 
416 408 289 
1189 245 251 
571 1243 1252 
1028 82 155 
920 764 721 
296 1215 494 
371 906 81 
615 289 771 
537 628 45 
672 287 1050 
170 421 847 
410 396 463 
1257 1220 168 
410 428 463 
535 301 13 
1360 492 321 
15 986 1231 
349 420 462 
420 413 449 
583 1372 849 
40 1163 53 
993 769 1101 
635 734 1365 
1273 947 719 
406 514 947 
383 837 1164 
563 267 103 
525 394 396 
1201 1284 468 
77 1281 820 
449 401 52 
643 822 1134 
167 513 335 
383 289 297 
1345 159 155 
915 756 277 
127 1226 460 
401 1049 349 
393 1031 170 
904 506 487 
465 1188 65 
204 1206 1250 
1133 903 575 
789 871 207 
949 828 774 
463 396 410 
389 1238 1001 
899 880 572 
463 920 394 
1213 477 699 
924 528 546 
846 1313 105 
205 344 152 
936 1344 451 
837 946 373 
758 185 721 
906 912 199 
679 37 779 
416 535 113 
126 205 594 
939 1283 378 
836 46 375 
12 998 1378 
1154 1359 1250 
158 990 346 
1 315 858 
52 413 401 
741 518 959 
436 627 936 
966 854 747 
96 507 481 
970 495 89 
928 644 1265 
872 1179 390 
907 1339 923 
943 494 1358 
504 327 1207 
1076 141 1303 
859 836 5 
712 222 576 
428 396 394 
579 1340 846 
423 65 627 
733 75 122 
1082 546 504 
411 1201 931 
193 279 1186 
971 991 1304 
1318 386 1378 
893 821 302 
807 732 13 
1062 1078 1306 
720 545 727 
214 895 92 
920 256 947 
335 134 80 
280 551 26 
684 654 495 
995 96 156 
591 241 1051 
1095 692 191 
1153 290 894 
288 35 1070 
1007 964 28 
1357 292 422 
1037 351 1225 
1198 56 1301 
707 541 1391 
0 651 1360 
1360 878 321 
588 657 808 
1215 943 458 
244 89 699 
1350 139 1148 
33 30 1167 
222 259 340 
244 1062 673 
828 95 949 
932 310 1190 
719 727 1273 
305 15 538 
327 459 1207 
657 869 279 
22 465 65 
35 417 907 
74 379 376 
772 606 327 
371 1336 990 
792 50 601 
600 1334 975 
80 47 735 
406 407 1209 
42 157 971 
237 86 832 
952 1114 730 
117 382 941 
1074 57 593 
847 268 1108 
1285 1247 829 
1199 996 1286 
1349 673 607 
976 543 347 
410 396 463 
225 343 1188 
1063 20 1144 
546 853 118 
1203 1238 1005 
353 1359 1303 
280 339 479 
631 180 995 
50 322 1341 
1321 1009 342 
13 372 542 
961 1232 41 
391 628 114 
503 396 72 
1242 366 1120 
147 54 55 
54 1074 147 
535 732 397 
733 30 466 
145 736 199 
1021 1083 1114 
528 327 1207 
719 1066 167 
326 174 1060 
423 65 226 
1215 416 943 
479 280 646 
991 324 971 
151 1313 748 
899 1166 572 
1354 1348 1133 
935 988 1237 
1340 579 1313 
695 383 86 
690 963 628 
1283 1148 893 
6 42 601 
724 906 81 
109 103 409 
521 1285 1046 
737 145 759 
357 1146 257 
372 244 731 
365 1292 1124 
199 1200 1315 
108 1186 969 
385 348 1243 
899 430 880 
717 515 288 
1348 844 1317 
903 953 576 
903 575 712 
906 905 608 
504 327 772 
1313 105 1340 
379 901 508 
1090 854 966 
962 1251 378 
849 283 576 
330 290 965 
1345 1028 826 
381 1292 45 
146 1390 993 
657 820 1004 
1209 166 514 
1185 54 992 
509 189 1020 
204 702 1274 
57 148 147 
442 126 1056 
1224 292 1355 
1017 302 1348 
358 1066 239 
1111 1161 1285 
859 461 444 
512 917 705 
1358 792 1241 
479 1296 216 
877 85 728 
1334 512 257 
309 1361 135 
772 509 327 
523 299 1160 
905 577 54 
705 600 1073 
1078 848 1173 
222 849 1372 
137 757 176 
51 1045 1353 
989 1257 296 
771 86 416 
989 1270 388 
1048 456 616 
185 692 183 
394 689 410 
1104 1180 175 
691 1035 361 
956 9 1265 
381 49 1060 
425 574 844 
1059 798 2 
883 501 1300 
936 451 254 
128 391 537 
171 145 565 
1133 1348 903 
180 106 532 
905 302 1392 
895 1392 476 
1048 1179 63 
1190 1325 802 
27 997 47 
1384 406 988 
1256 1140 1083 
1341 535 322 
565 91 737 
1068 1373 704 
1198 56 1237 
414 1134 276 
455 928 837 
109 125 922 
339 1330 854 
821 906 951 
1291 1251 720 
761 790 1158 
548 114 1292 
5 599 0 
172 674 1052 
764 898 721 
160 480 684 
650 1366 1367 
201 774 1282 
505 588 869 
1176 1109 726 
797 722 1120 
1168 659 1268 
1042 1322 997 
1087 782 173 
565 1206 1181 
922 1239 878 
177 1381 767 
1384 957 1374 
83 563 200 
359 203 372 
26 747 319 
366 372 155 
1045 154 937 
1050 210 764 
1364 244 523 
736 172 353 
1219 115 949 
1175 826 1326 
44 691 361 
1143 862 1381 
1389 37 79 
1044 1216 860 
809 0 1000 
369 1187 605 
1280 1237 1127 
72 920 362 
1061 178 636 
683 687 1280 
990 686 447 
5 11 461 
786 73 1213 
1383 568 700 
896 621 361 
1095 483 1113 
1113 139 171 
704 1111 1093 
558 86 731 
451 465 627 
1315 143 309 
1291 823 648 
1062 495 89 
584 850 690 
1281 77 1388 
172 1274 592 
975 600 512 
1102 932 734 
1073 609 600 
1095 1279 555 
490 371 81 
1389 326 548 
1120 138 1245 
944 808 352 
1247 829 329 
903 576 953 
844 574 955 
271 303 46 
893 738 560 
1133 725 653 
1221 573 470 
766 433 1165 
547 502 406 
1021 823 1291 
653 935 863 
659 196 1005 
76 564 1365 
98 906 389 
1133 596 139 
1297 1264 799 
1021 1114 720 
1098 1348 955 
149 1217 1317 
1115 517 952 
89 7 567 
1036 535 13 
75 18 543 
1124 365 932 
47 81 1314 
674 565 353 
1206 795 325 
178 1061 893 
953 233 9 
1325 767 635 
749 941 1261 
80 7 43 
236 728 240 
749 1171 189 
915 277 861 
606 189 509 
966 452 581 
1330 343 627 
741 189 744 
1081 1191 1197 
1241 126 792 
1081 146 750 
276 1011 829 
1080 672 811 
442 126 157 
418 140 1050 
176 1181 346 
438 47 1277 
204 565 172 
326 310 845 
1158 649 790 
68 113 1364 
371 346 990 
653 387 1050 
1254 69 1058 
718 433 118 
1325 740 635 
348 769 1377 
812 1368 768 
808 701 493 
615 390 1230 
509 606 327 
516 237 673 
675 656 128 
269 1080 270 
576 844 903 
731 1259 136 
1005 502 1273 
1037 1117 310 
59 321 591 
1062 43 36 
173 1087 662 
1386 637 1384 
1376 994 311 
83 892 746 
1012 689 73 
1019 284 699 
371 354 990 
426 885 207 
649 761 1158 
725 596 425 
511 50 601 
239 986 1231 
339 646 1330 
737 1206 265 
885 871 841 
185 758 1235 
803 574 1348 
1297 1264 726 
1112 807 397 
1017 123 333 
1331 1157 1190 
798 1096 844 
327 886 504 
1060 586 290 
1302 205 1056 
473 13 68 
820 493 710 
509 874 271 
30 345 62 
179 1311 1050 
1191 769 1347 
830 643 414 
331 1316 354 
740 981 528 
1352 1003 718 
904 54 905 
866 572 1174 
934 859 461 
588 344 808 
893 472 647 
484 164 414 
720 1021 703 
1382 160 722 
97 967 1304 
1175 1019 676 
1282 862 746 
95 500 656 
240 711 276 
813 1064 1234 
540 692 55 
950 39 516 
154 1379 1103 
975 705 600 
920 431 1298 
46 444 382 
1164 946 408 
115 977 1219 
726 799 1264 
384 1201 1189 
1314 1091 1374 
682 233 852 
270 611 132 
955 574 713 
760 643 1117 
434 1340 464 
520 170 268 
1326 1166 610 
1372 918 315 
894 484 286 
1287 1173 610 
842 839 799 
886 878 1380 
339 581 452 
452 265 1167 
767 101 1338 
