71 222 1200 
206 260 1247 
254 105 542 
604 698 595 
68 54 390 
381 24 133 
296 777 499 
731 592 485 
599 192 1192 
622 277 680 
1200 1241 841 
192 734 220 
1221 1371 478 
74 50 508 
353 1189 355 
1141 777 454 
755 352 1244 
1272 897 857 
1283 722 418 
1358 172 419 
512 1334 1300 
703 600 487 
506 94 1355 
1355 22 235 
381 238 117 
925 854 581 
320 319 1135 
673 661 178 
770 597 200 
333 978 1319 
1061 840 915 
846 1365 554 
781 305 1358 
1365 289 1050 
894 908 33 
485 800 31 
731 61 1321 
1347 146 1143 
457 1160 111 
1108 100 441 
1130 403 289 
154 762 1283 
388 50 901 
295 372 855 
1247 191 83 
241 1268 300 
613 734 261 
54 800 1288 
395 1078 552 
922 269 347 
74 1341 408 
935 853 384 
1183 151 451 
289 844 899 
1160 47 57 
1160 66 728 
297 1184 515 
695 155 151 
445 1214 1252 
504 192 220 
166 1360 1037 
36 731 1270 
258 985 914 
625 170 848 
580 870 383 
94 627 436 
1217 222 434 
378 502 1205 
792 316 762 
78 171 988 
1283 163 1279 
63 222 680 
610 463 251 
853 599 590 
508 50 408 
920 150 443 
1011 78 286 
100 42 1358 
208 69 1095 
459 306 1024 
968 1209 81 
283 18 988 
119 155 33 
414 746 1247 
1050 713 387 
1392 671 630 
289 695 572 
72 661 583 
1183 451 436 
485 1123 7 
86 731 695 
33 248 297 
1346 884 553 
113 1363 997 
1188 936 627 
755 556 1213 
789 1222 81 
238 171 1238 
1291 398 1300 
578 865 941 
614 1358 550 
1157 581 802 
692 154 741 
188 488 490 
1076 856 576 
254 2 1032 
1347 260 806 
296 569 305 
315 1252 511 
154 68 316 
316 762 286 
978 1160 38 
1282 811 1311 
1033 1277 1275 
743 49 1039 
833 364 811 
378 547 982 
1081 286 988 
860 264 1329 
82 148 33 
154 886 217 
877 125 1081 
918 511 555 
912 1123 1265 
326 664 691 
347 450 488 
445 1095 316 
966 253 226 
1168 755 793 
296 499 305 
332 61 244 
1340 864 1274 
1141 296 1142 
846 1299 602 
1392 363 197 
357 1212 1201 
592 430 1009 
1307 355 873 
607 1144 694 
1094 1061 30 
1191 1231 1279 
1250 1136 925 
770 911 873 
684 264 222 
151 1183 1074 
737 795 1181 
1277 195 1347 
519 1024 1074 
1063 119 82 
918 1059 849 
1112 297 636 
52 1183 919 
757 1001 336 
909 1362 873 
262 323 1113 
57 437 328 
155 869 1262 
10 90 457 
946 145 982 
279 534 90 
787 561 569 
873 911 759 
864 680 697 
1279 1191 1011 
1219 488 161 
434 899 455 
1185 1360 1037 
366 309 622 
1078 237 989 
268 864 1112 
1321 63 244 
69 713 1252 
460 419 702 
981 1360 166 
310 176 476 
873 1362 355 
476 686 1198 
858 99 941 
673 27 661 
958 865 574 
615 1302 1089 
1093 300 179 
961 632 1010 
1024 935 112 
1277 807 660 
297 803 33 
280 479 1135 
1093 908 1111 
504 809 192 
1247 83 779 
1267 1168 132 
44 440 578 
8 599 60 
657 279 869 
902 1027 285 
661 146 1 
146 1277 693 
379 630 363 
101 342 1044 
1052 1315 887 
28 278 911 
556 1168 949 
493 155 534 
1071 86 485 
226 401 581 
432 287 1277 
800 1089 792 
1347 146 1277 
1081 78 1191 
33 1050 849 
935 811 597 
1306 76 997 
118 264 739 
981 219 919 
1090 747 1027 
20 1144 449 
416 381 1104 
120 117 488 
1150 342 880 
981 213 982 
729 734 1365 
959 906 546 
264 680 71 
377 186 264 
475 395 98 
1135 1190 1136 
1331 802 339 
171 742 57 
465 887 264 
991 588 971 
659 5 1125 
403 1160 136 
344 515 399 
251 1201 1333 
623 632 607 
186 23 1361 
896 425 501 
773 956 168 
97 358 24 
582 488 1268 
1122 1265 680 
665 300 45 
998 1279 222 
705 698 604 
1122 289 170 
525 410 1359 
712 719 144 
24 659 117 
673 676 301 
516 244 866 
152 1153 757 
1284 1327 233 
334 1039 372 
339 966 860 
105 2 627 
1286 1144 48 
730 1115 659 
698 1073 705 
985 277 680 
1313 880 928 
1288 871 286 
528 46 317 
154 924 1200 
184 207 1347 
118 680 222 
860 925 25 
143 1094 1133 
158 898 1105 
847 520 880 
541 762 1104 
1203 209 457 
972 375 739 
557 485 1299 
229 991 1298 
660 1385 1379 
204 764 731 
1306 1363 1133 
680 9 887 
1054 200 374 
511 918 90 
479 1329 966 
1076 747 452 
124 54 1027 
286 1222 489 
64 771 383 
580 64 383 
732 316 260 
304 507 334 
328 289 989 
899 328 695 
998 409 1185 
972 1333 444 
1023 1290 975 
1075 748 1330 
90 731 159 
237 30 43 
494 888 777 
721 1270 170 
776 495 347 
729 1365 289 
848 244 145 
408 943 1341 
479 280 956 
384 351 117 
287 334 1033 
598 142 1161 
244 289 1123 
983 1041 582 
1069 499 965 
141 320 925 
174 1224 595 
1112 800 329 
408 74 1341 
402 315 316 
687 1371 478 
1081 1252 108 
1095 68 286 
878 320 424 
444 375 1156 
1135 25 225 
26 1135 319 
377 492 365 
1089 1036 800 
510 154 1081 
991 879 506 
1206 737 795 
931 1192 664 
733 921 692 
695 553 289 
1112 849 918 
511 208 242 
784 1033 571 
130 227 1262 
680 956 695 
252 287 1354 
1061 1094 139 
1061 17 524 
1081 1095 1112 
698 1090 492 
854 581 253 
259 980 62 
1044 1075 204 
602 680 866 
737 646 795 
232 515 142 
632 0 623 
835 177 355 
125 450 117 
1275 1097 1033 
565 494 1267 
1156 504 488 
713 1288 765 
755 1244 399 
1066 1189 14 
750 1112 337 
873 353 14 
122 1218 337 
1212 855 72 
504 133 238 
991 229 493 
710 755 352 
1342 988 44 
493 74 644 
455 430 644 
1385 115 1175 
377 1117 439 
1078 1144 395 
403 40 1365 
1037 984 1360 
617 1109 1264 
579 1313 1340 
750 315 1191 
1252 515 1133 
165 363 437 
1056 1054 1364 
444 46 261 
910 508 379 
1144 607 680 
116 67 159 
376 455 430 
1340 531 1313 
24 659 416 
510 589 1384 
837 580 64 
1192 1145 538 
1150 511 555 
283 285 1211 
84 1036 1310 
901 1341 312 
147 1365 1200 
535 13 74 
1347 1390 1101 
628 1307 935 
520 847 880 
172 517 396 
22 48 1078 
1250 235 395 
1011 1185 651 
952 1291 487 
232 770 305 
403 136 847 
413 204 966 
1306 313 1055 
695 40 289 
453 1347 196 
878 188 46 
1042 806 301 
836 240 613 
50 74 1341 
1263 290 368 
525 1300 952 
245 1049 522 
359 1028 989 
966 401 860 
83 17 347 
151 919 52 
837 910 216 
478 1371 310 
722 1043 576 
460 1076 702 
1090 460 1076 
847 520 74 
506 324 22 
465 1188 627 
860 854 581 
1059 259 880 
993 1112 510 
522 949 780 
1078 1144 475 
998 1160 38 
455 363 899 
554 1365 358 
205 969 1208 
451 966 213 
1130 627 165 
1358 777 6 
936 627 1344 
423 363 373 
620 75 454 
1360 1037 166 
1101 146 191 
100 943 244 
1377 1347 826 
939 499 89 
375 1255 809 
1214 316 469 
626 1087 1079 
687 314 1196 
348 78 1306 
253 1329 966 
125 347 1143 
696 627 936 
1090 747 1110 
1277 404 711 
1161 210 787 
363 430 987 
78 1095 998 
90 151 1074 
773 1358 494 
79 1335 258 
1076 419 702 
257 338 1162 
254 527 1144 
475 1078 395 
33 1046 989 
423 627 94 
800 636 316 
188 459 623 
1201 251 1203 
1002 445 457 
971 889 991 
242 505 1365 
1323 1151 900 
17 1222 796 
721 31 1050 
395 1078 952 
895 176 478 
1196 1371 314 
476 1198 417 
280 1329 253 
289 86 916 
1314 142 781 
716 568 708 
1214 1112 1287 
409 1363 964 
731 7 86 
1351 205 432 
703 600 1290 
651 563 1037 
283 722 700 
1061 1279 488 
691 546 746 
1380 1090 698 
359 1257 879 
1321 1215 36 
958 574 1170 
222 680 395 
31 1061 222 
182 610 1072 
777 494 970 
1311 490 1282 
932 853 599 
1205 238 727 
1175 1161 454 
188 1047 350 
871 998 1091 
422 22 324 
287 402 826 
74 376 50 
1335 741 941 
323 1191 750 
1252 90 515 
1334 975 600 
463 291 138 
1120 493 1257 
511 731 297 
244 943 289 
834 698 257 
1010 444 375 
147 1074 981 
847 644 572 
523 857 17 
709 427 566 
17 585 521 
1001 17 336 
1357 410 506 
919 319 551 
1144 889 422 
261 317 264 
775 1203 1121 
465 423 1183 
1329 887 118 
1364 710 1053 
644 520 455 
695 328 1321 
376 910 928 
159 216 147 
708 653 568 
384 36 1145 
359 1120 412 
351 286 55 
316 269 1018 
533 520 1046 
1277 806 738 
145 530 317 
1115 517 1162 
921 327 941 
116 381 88 
599 853 1146 
1183 936 436 
946 1321 1107 
1075 926 553 
395 948 422 
748 328 1075 
1365 277 1265 
1252 880 259 
911 392 770 
884 1013 1340 
989 430 533 
1388 15 1141 
692 762 69 
399 1161 305 
652 716 717 
651 1185 488 
103 488 809 
888 204 494 
952 1300 1182 
558 437 580 
633 716 562 
1142 132 296 
473 205 784 
78 69 1368 
430 899 866 
457 155 288 
1106 958 397 
289 118 63 
856 104 664 
538 945 1156 
814 746 941 
1313 376 884 
64 901 376 
854 339 860 
651 563 488 
287 507 146 
788 453 1336 
523 1272 17 
500 414 28 
796 83 1077 
991 971 229 
623 188 192 
853 599 647 
585 17 83 
204 627 1344 
91 139 585 
1275 360 1169 
1224 310 326 
903 767 1156 
811 399 210 
305 142 777 
1192 853 647 
703 917 1290 
1358 100 494 
866 289 40 
714 715 1001 
605 1073 705 
604 705 1073 
1085 154 323 
680 264 956 
818 1026 632 
705 1073 823 
444 291 1082 
743 334 683 
235 138 740 
46 896 261 
550 946 100 
901 379 1036 
1278 1155 1137 
726 1297 1264 
108 297 1287 
446 626 1087 
446 438 913 
623 0 1279 
9 739 264 
1037 1360 258 
1340 1059 849 
63 695 289 
1087 446 616 
1344 936 436 
392 1307 935 
663 956 118 
671 1001 197 
108 841 1112 
192 345 961 
653 992 716 
1131 617 852 
25 253 1216 
1112 311 915 
1093 718 179 
1256 662 658 
13 74 847 
1268 1267 244 
186 605 1073 
965 1168 201 
1247 83 1 
363 455 430 
1007 722 959 
748 1075 1330 
599 853 1192 
1120 159 1257 
839 1158 1109 
605 604 243 
488 563 1360 
653 562 708 
633 1370 992 
970 863 499 
190 777 938 
1045 793 263 
1257 493 1319 
662 638 1256 
381 67 247 
274 826 710 
195 27 146 
1015 819 658 
629 145 878 
856 747 1226 
241 1218 1081 
402 1332 106 
1051 120 351 
580 157 386 
225 1135 1136 
422 22 527 
630 1001 680 
118 1238 264 
27 676 248 
289 226 887 
937 835 1112 
673 248 1363 
49 611 113 
785 769 804 
510 1368 1279 
1265 277 956 
677 113 49 
842 1229 649 
582 1094 239 
143 1105 289 
10 998 108 
176 1118 1371 
1371 822 686 
691 1209 664 
19 1211 960 
988 304 1097 
664 124 192 
1095 1081 337 
1081 1288 196 
889 971 879 
328 289 403 
451 936 627 
663 759 145 
1073 705 609 
136 355 534 
722 1007 489 
1358 36 731 
1126 460 419 
600 512 1290 
1300 934 398 
1073 609 1021 
1306 1112 800 
286 1349 485 
716 562 652 
1078 255 566 
1387 360 1241 
453 1382 1095 
1074 647 8 
1050 351 171 
1119 715 1370 
992 714 1370 
633 708 653 
1370 562 359 
637 1093 427 
1238 246 1205 
952 600 1251 
297 162 231 
1007 1209 418 
264 258 222 
366 1144 1120 
1042 729 958 
799 1109 1264 
888 204 967 
1289 66 52 
220 299 1217 
702 986 1115 
328 1321 7 
762 998 1112 
315 1112 849 
46 874 220 
1091 211 336 
325 916 1206 
795 325 646 
871 260 1214 
622 118 264 
612 635 138 
941 509 102 
849 315 1081 
182 564 1010 
994 632 1261 
497 188 222 
578 941 83 
452 1090 1076 
1330 646 1075 
450 1375 125 
371 354 1081 
331 769 1033 
829 789 1007 
692 560 1011 
71 0 188 
710 1385 352 
773 458 1152 
152 1001 1066 
18 1006 1385 
697 663 204 
763 326 1209 
1158 1109 1264 
732 1247 68 
760 1111 258 
275 731 289 
1185 351 154 
1320 782 883 
1225 596 1156 
769 830 826 
830 1055 862 
142 911 873 
284 64 1254 
941 286 746 
458 756 237 
1051 488 498 
529 1203 1121 
298 69 347 
296 499 494 
1324 1087 619 
189 252 117 
291 972 427 
1061 36 840 
658 883 766 
1134 453 769 
1033 1055 331 
678 1064 830 
938 107 296 
755 305 1175 
466 260 762 
1007 1293 858 
649 1158 761 
1285 71 945 
1302 1341 68 
1379 1311 556 
646 846 966 
737 1057 325 
473 587 83 
272 984 935 
403 289 602 
726 1109 839 
206 1252 1262 
166 1185 1265 
1331 1157 226 
71 848 846 
988 678 440 
746 1382 937 
1277 543 1042 
78 184 1306 
710 360 755 
1255 188 192 
323 1376 776 
597 210 112 
146 1347 1277 
83 1247 347 
578 1218 337 
101 280 1157 
427 1352 1320 
1330 1067 794 
608 729 1328 
662 1015 638 
1200 1364 10 
166 188 1360 
687 1371 314 
1083 1021 705 
829 418 283 
908 894 513 
1277 1178 660 
283 769 489 
1347 660 1379 
1007 752 824 
769 1064 862 
57 1160 286 
520 847 1313 
115 121 75 
517 257 1090 
10 1112 122 
981 1299 1206 
987 1164 363 
1268 710 443 
726 1109 1264 
237 1061 30 
1191 1112 998 
682 1229 634 
1024 147 1117 
1174 557 884 
961 621 1207 
328 553 794 
520 644 880 
63 680 342 
918 1050 742 
1055 331 1372 
457 1257 359 
799 726 1109 
599 1192 501 
581 860 339 
1040 401 295 
747 1163 1027 
