1744 1291 1663 1740 244 
1826 203 55 1700 1662 
1695 1030 586 157 265 
2056 1835 77 231 42 
1316 199 1876 1489 1751 
953 894 444 100 282 
327 243 837 434 940 
1121 282 443 558 1772 
817 584 1367 1117 263 
897 252 1243 114 1656 
1010 1513 1852 2006 994 
1021 588 558 1756 1493 
876 1043 1495 1718 1581 
1557 1973 1979 637 683 
1893 1268 903 426 443 
200 667 1563 1272 248 
1078 115 1197 1691 1701 
1747 353 942 1315 1761 
239 74 100 1631 1757 
1465 1948 2014 441 1927 
1803 1761 1910 1524 2006 
47 1117 3 1919 1422 
749 630 1498 1045 143 
733 100 908 1620 1528 
496 163 338 1860 984 
330 1820 286 1749 233 
1222 1976 750 1596 1712 
914 46 1507 281 747 
1984 60 804 1188 1812 
1269 582 1712 1142 1083 
948 90 1538 1662 1097 
261 1429 1065 1626 139 
548 586 1030 881 1709 
565 276 1083 1554 1693 
1066 207 1727 1101 1787 
1755 769 73 747 1636 
59 1156 1864 1376 861 
884 1234 1684 257 1232 
777 1767 1469 280 965 
1878 607 1975 1185 1071 
1574 174 841 1819 972 
1617 799 840 1695 207 
2016 1016 1977 1464 978 
876 233 1706 1526 143 
1119 911 1964 1929 620 
1637 1628 1816 1601 1649 
696 704 37 1016 1684 
1498 964 897 1226 1300 
386 1456 1316 50 994 
1226 252 192 1704 108 
939 1876 1722 710 1316 
1645 2015 266 1965 367 
1427 161 1127 1503 224 
1753 984 125 164 941 
1255 1674 848 125 644 
1174 1289 1593 1 2060 
1820 1395 774 25 70 
801 1802 1372 551 1286 
833 649 1696 1712 510 
608 976 1122 765 410 
1984 1198 1570 512 28 
1585 1944 1150 1697 540 
1615 1674 277 1607 1757 
458 771 1200 1054 1826 
1528 1407 1756 876 1154 
1027 1316 1097 1418 1722 
1141 1802 86 833 1582 
746 313 1208 1860 533 
2001 1633 1803 447 1789 
711 772 768 941 1936 
469 584 1706 2003 330 
1287 345 1232 934 347 
433 847 398 1329 724 
1751 1670 265 287 769 
100 1006 848 18 1772 
1949 903 1346 1820 584 
109 1554 565 765 659 
1835 995 1456 1316 681 
1852 1514 903 253 1585 
1513 1806 1097 1783 1581 
2031 1026 1985 1925 724 
573 682 592 1125 395 
934 1641 181 1899 1807 
1315 353 255 1296 494 
685 1692 128 1079 385 
848 1006 1457 1755 1595 
558 1121 833 510 1083 
385 282 443 903 972 
959 1275 1410 1302 1008 
1092 1781 703 784 1314 
1758 1029 142 1324 1986 
596 678 54 1662 1322 
161 1891 1979 1559 1051 
1524 41 887 953 1818 
978 704 321 1298 508 
1588 1368 1593 1734 1530 
250 904 1683 483 37 
174 736 1206 1635 782 
626 405 495 381 683 
1089 2047 31 1201 1718 
1006 1772 497 74 257 
1122 976 536 1894 608 
403 1276 250 771 1303 
667 663 1506 659 996 
1772 125 894 1787 1006 
402 1366 580 2025 735 
1672 978 1098 1207 159 
1162 1498 964 1395 1670 
1446 2032 989 1192 2038 
565 659 1554 663 33 
405 1688 739 2008 2048 
848 74 655 884 1234 
1785 542 1206 1524 685 
208 1975 324 269 285 
1422 464 1045 1267 1465 
1523 1627 146 492 1152 
1042 818 840 1064 705 
1503 60 1127 1198 1529 
639 969 2017 1744 1661 
62 1845 1613 1674 289 
1852 165 282 1489 5 
728 1857 1356 768 1264 
705 1805 878 1224 159 
1668 37 1151 921 290 
2028 53 1405 1612 1581 
1184 1674 941 1599 1154 
14 1660 1302 1514 78 
494 1315 1633 1079 1537 
1473 1097 415 5 969 
1161 330 591 286 440 
1446 198 693 47 2046 
920 690 1356 1753 647 
1095 532 513 851 347 
891 1795 581 817 1042 
905 1117 56 1008 1516 
1930 851 1067 348 366 
324 785 395 1238 1135 
1021 1996 1064 461 786 
1573 1516 463 890 1123 
564 1165 31 732 600 
616 1725 1691 174 970 
568 192 1000 1799 1342 
1986 818 1151 921 1596 
1268 426 1526 772 1757 
497 73 1206 1670 165 
1480 540 1878 261 1697 
667 663 726 996 103 
423 357 507 1360 62 
1018 1677 1641 1636 181 
1785 1316 1097 1670 983 
1687 1252 1624 568 1576 
868 75 880 2038 133 
416 822 271 1479 1820 
1607 1849 884 1684 1435 
805 523 246 182 1640 
285 877 592 1777 601 
253 18 282 1631 1083 
799 1617 207 2 881 
1721 250 243 1298 704 
1229 1098 106 737 878 
1810 1232 593 1347 1685 
1427 926 224 92 1099 
1683 1597 352 884 96 
24 1664 1262 2027 176 
1702 984 552 1470 414 
787 497 100 1617 282 
1914 312 156 1003 800 
1029 1506 912 1188 1993 
1709 1800 2023 205 217 
615 1018 200 347 1641 
1162 591 578 2055 421 
2029 449 1797 737 307 
1736 2010 361 344 1704 
1708 642 988 1325 736 
140 1972 616 736 1725 
1170 1641 1506 603 1287 
323 545 1078 1056 651 
429 1843 1720 1012 1628 
226 1911 159 599 878 
1737 407 1953 1178 1424 
175 603 1963 1641 1404 
934 1102 1114 82 257 
948 841 729 25 1119 
387 1375 1024 1720 421 
565 1083 1142 1114 1554 
298 1001 1736 1401 977 
579 1253 123 290 1326 
1151 921 1991 1942 1222 
844 302 1341 1519 1826 
1608 98 849 366 1502 
553 1516 526 1213 944 
1591 1585 941 590 1231 
1802 1747 211 1226 1613 
613 1654 945 1008 1936 
90 1188 1506 1029 1641 
848 1361 100 1006 1679 
1312 1232 698 1164 851 
973 1763 1006 74 1936 
1820 199 73 1097 1528 
1711 1255 1316 1876 1908 
919 1272 1899 1812 1894 
143 1757 1706 1607 1674 
1679 1595 920 848 1255 
1054 1289 1930 480 518 
1865 230 1415 737 878 
681 1475 1852 1881 265 
397 659 510 996 140 
1066 265 1695 1727 1603 
1207 978 315 1417 1241 
1651 1206 1006 1201 937 
1509 1641 1391 1294 1205 
1802 645 1833 192 1425 
1822 1715 391 2057 225 
1893 14 903 441 426 
1474 443 282 125 2003 
1904 680 1420 1553 860 
254 1894 1899 919 958 
586 1727 1603 1617 1655 
1322 577 1266 1758 1241 
776 1630 1974 634 2058 
532 132 434 1176 1132 
287 733 1718 386 199 
542 1940 584 1806 741 
1475 1121 935 1239 5 
2008 1099 161 1557 1781 
1703 1715 1900 1612 1099 
159 561 1826 1210 737 
1260 1409 1315 693 2066 
1662 324 894 519 1884 
1821 790 391 1822 212 
1601 1653 1816 1349 1628 
3 287 1787 1659 1680 
858 839 2007 1554 781 
330 876 25 1820 1706 
422 1290 1686 1717 2002 
1878 415 1281 969 670 
134 1090 1516 1498 584 
804 1294 1984 1087 1570 
1207 821 123 453 394 
18 74 100 444 386 
191 1878 1581 303 1300 
440 1758 1176 1479 443 
953 1456 5 1950 479 
704 1721 1298 94 696 
1435 352 697 848 458 
965 734 1541 2061 578 
805 911 1316 198 1763 
255 1661 128 741 1855 
958 101 1122 1509 200 
1514 426 1585 201 1620 
96 403 1303 1683 102 
1435 449 1153 2029 960 
1243 1704 1465 1226 464 
282 586 156 1852 840 
1894 1899 919 216 82 
5 1239 1692 282 1374 
1514 1619 1136 426 126 
1440 1985 1234 577 934 
1999 1867 1736 526 845 
1250 1502 1608 531 849 
903 1403 1537 1769 1660 
1480 31 449 878 540 
1013 436 1713 166 1311 
972 514 1383 271 1787 
574 1812 399 347 462 
1066 282 1006 1695 1880 
2015 1775 911 523 51 
100 1772 74 1631 1489 
584 478 1892 1097 1744 
453 1662 381 238 419 
1761 1803 1374 706 26 
25 972 330 443 233 
1097 728 1703 983 149 
1664 1262 2057 259 2027 
1852 1482 84 1296 1652 
171 1804 1324 1632 1002 
33 1693 1083 582 29 
62 54 114 1613 1498 
76 109 1999 1254 1290 
790 666 612 212 656 
2061 987 777 1469 1585 
27 914 747 91 46 
1620 253 100 1585 1751 
1878 734 1898 856 690 
1281 759 1223 2017 902 
208 1417 1393 315 1977 
330 25 591 1130 1161 
73 1680 104 1670 1787 
77 291 1861 911 1251 
1841 811 526 738 114 
1621 394 1326 1323 1343 
2040 1036 4 1576 77 
894 1255 2061 1193 5 
1938 469 681 242 2055 
403 250 891 1597 54 
1672 2005 1061 1972 1677 
880 1438 1446 1719 785 
79 75 1692 381 1610 
1001 1620 1401 1008 1231 
73 1820 769 1670 1706 
1723 464 1848 1823 1736 
465 1030 2006 840 992 
1065 891 561 737 511 
414 945 1071 1268 240 
858 1227 551 1576 1980 
435 691 1694 717 1053 
1315 1893 426 1814 1514 
1504 1647 1626 508 1797 
764 1647 918 1289 1772 
353 1175 1374 1761 1381 
1176 1266 1174 1758 1634 
628 1313 1777 737 878 
1619 1228 256 883 166 
324 1817 1860 1182 1876 
2029 1800 61 1947 719 
208 1015 1417 865 285 
1154 1475 953 5 1346 
1688 637 1973 1891 364 
2043 934 407 1985 257 
1241 1628 1344 1137 1972 
984 322 655 1945 202 
123 978 94 1016 2016 
848 1787 74 202 655 
545 874 750 1663 1754 
313 228 519 1562 1842 
758 1984 1812 1289 1102 
1076 944 1623 1060 1943 
420 6 321 1828 96 
2054 1605 161 1427 1791 
1483 1486 1276 2065 1720 
25 1159 233 1749 286 
1841 360 942 788 951 
1324 1447 90 901 1588 
1628 1297 697 1507 1059 
32 1948 1030 1897 1709 
752 1912 1998 1526 884 
125 876 848 1679 1674 
1736 1752 376 1701 277 
1860 1062 578 1622 1281 
387 1433 1400 1605 1604 
543 569 1987 477 1420 
819 380 878 737 601 
715 988 1756 1819 1806 
1073 1950 1337 1097 983 
1736 172 464 361 1704 
71 483 1347 1046 1684 
798 1797 959 1192 426 
1102 181 1289 1232 82 
1012 403 352 892 250 
1479 1513 1030 207 1660 
1673 963 402 1624 507 
1697 221 92 1779 1599 
483 1637 162 383 1597 
1761 309 1175 1737 1374 
737 599 878 449 1480 
1021 729 1756 983 1097 
561 737 832 385 1143 
147 852 62 1055 627 
1541 984 1253 1299 1271 
253 908 571 1852 126 
1841 1723 98 897 964 
172 1736 344 1000 650 
1267 1674 114 1845 886 
901 737 2005 1065 1266 
739 381 1503 926 1511 
454 729 1646 1281 127 
1123 387 1556 1564 588 
1164 2050 1961 1530 1333 
464 300 1867 646 1755 
620 1537 1403 523 1719 
1793 2029 658 1292 251 
2039 1539 200 428 698 
1888 1511 1559 1279 2054 
1637 1720 1506 1287 960 
1981 1596 735 985 837 
1705 864 484 1082 745 
1184 941 1226 125 1674 
1693 1183 649 625 1423 
1975 596 1058 1062 1435 
1530 1312 264 105 1734 
878 341 561 819 737 
1096 776 1503 926 364 
1374 1643 1652 1761 1524 
352 1232 199 264 399 
1758 440 772 218 330 
539 1751 87 1010 441 
74 100 239 18 1456 
688 1294 1551 1092 1812 
1133 1650 1741 837 220 
711 125 376 1528 1704 
704 1956 1721 511 628 
1822 1900 790 1715 212 
1820 25 1268 876 1706 
1656 1125 108 869 1574 
1621 290 1323 1596 1343 
519 136 1238 324 673 
840 1617 1010 73 282 
762 765 2036 1802 565 
1329 1500 821 433 1018 
574 264 347 352 200 
1310 817 1316 4 1238 
581 1658 1119 441 1045 
105 735 1366 1970 2025 
102 250 162 294 771 
1962 1574 40 2033 1923 
1111 1336 626 1529 707 
261 94 878 123 628 
179 1953 318 1197 1756 
1248 1661 607 2024 1722 
1272 1899 200 286 254 
850 1307 659 1146 765 
803 1345 596 61 1585 
361 1156 1999 542 1206 
749 1087 1529 1212 1812 
164 303 552 894 1597 
499 1654 1912 1893 961 
1209 1718 152 2047 34 
860 2008 685 1014 1099 
1402 2005 1636 593 934 
1662 238 394 453 290 
327 1390 243 1106 403 
1936 876 591 972 1154 
1290 234 2002 1717 1686 
1489 507 267 18 1360 
1141 988 1342 146 736 
1491 1689 1532 1160 1167 
1514 1268 1893 903 143 
1767 717 1655 1694 691 
2065 1627 318 248 399 
1229 1677 1137 1483 1720 
1807 1404 919 804 1188 
198 174 714 1670 1771 
1613 23 908 621 659 
96 1970 1457 1500 1169 
562 1222 123 1382 203 
444 507 305 1360 1631 
1013 787 1301 1056 1761 
1006 1990 1066 1679 1682 
1720 1404 1483 1188 1506 
1861 1722 1876 1770 636 
1442 1758 593 934 384 
1751 1268 385 73 539 
1154 768 1898 1384 1477 
1479 972 14 282 1658 
1631 507 5 100 848 
1771 14 1526 796 2003 
1125 1836 269 673 502 
590 983 73 1288 1561 
1553 203 764 1904 1400 
1797 737 251 1626 171 
1469 1043 2003 1682 392 
897 1213 1869 862 1315 
233 922 534 336 574 
1700 1662 238 570 269 
1910 343 1310 1949 1163 
1055 1134 575 541 931 
1371 569 1987 1503 703 
578 856 690 1930 945 
960 63 596 1200 771 
1680 73 972 287 396 
2040 1842 548 1446 889 
533 1784 588 1070 247 
1323 577 264 958 1198 
1573 1516 1395 1723 915 
1736 114 252 1243 1704 
840 2006 1617 1030 2 
441 888 1910 385 902 
1062 537 1259 1659 2017 
1732 877 1298 753 1838 
655 876 70 1786 1958 
518 878 302 511 188 
933 1802 115 397 765 
1450 1162 56 1943 1117 
319 90 1065 1632 1805 
607 1997 408 1726 1839 
1641 1404 1677 1483 1963 
1585 5 1662 1561 1767 
543 569 707 1370 456 
1197 1097 1654 817 407 
1108 1353 1475 242 1603 
1826 1303 203 771 458 
1499 1514 977 426 651 
762 33 565 606 233 
352 2016 1046 1597 1637 
695 745 1082 864 1494 
130 1320 1000 1919 890 
911 779 1030 2022 1938 
833 1802 1269 1765 1180 
1703 1898 1356 552 125 
697 749 413 1762 2039 
1828 433 1366 1046 1741 
299 1695 4 1585 1121 
663 1142 1246 807 1554 
1083 565 276 33 1693 
1079 1315 903 1769 1855 
463 98 1427 52 890 
1016 605 1464 832 978 
100 1178 165 1056 1772 
707 793 1198 1336 1503 
876 1406 1407 1526 1206 
1453 1200 661 1784 316 
382 1643 1761 1374 353 
817 924 785 584 1214 
1702 1477 961 64 1043 
146 667 1670 492 874 
659 337 1999 663 62 
1457 1679 1876 848 655 
444 18 435 423 717 
94 307 1797 1343 1179 
695 59 1082 1156 484 
1227 565 667 1083 1894 
1046 978 1601 37 96 
60 1529 1503 1127 1314 
574 1484 132 721 534 
263 729 1383 271 1201 
685 299 983 806 693 
1323 238 570 2050 1985 
1725 1666 642 1641 140 
1626 737 203 628 1710 
894 647 303 1662 1071 
114 959 890 426 1620 
732 987 443 984 1661 
1657 1471 433 884 1970 
980 829 266 911 2015 
1654 1195 118 478 210 
1866 908 1381 353 1761 
1267 1031 1841 1465 1752 
565 484 1167 1494 695 
1180 551 649 1049 1696 
1381 1079 1851 1338 1751 
1081 410 109 1272 1720 
249 1076 1514 1619 201 
132 1095 851 2026 220 
1200 2055 851 1860 1095 
950 732 1321 564 961 
1119 516 933 1446 1775 
976 101 1122 1894 216 
1586 1062 1019 1300 1389 
1620 1585 1950 1767 634 
385 1695 282 253 1658 
1691 174 616 282 1585 
1370 1979 1055 707 2054 
1506 1097 983 140 1325 
1370 569 340 477 456 
1174 1671 290 1504 307 
323 726 874 1350 736 
379 1530 980 940 1795 
1852 1475 838 1275 1479 
32 953 242 1835 1381 
720 1365 2016 978 42 
174 97 736 572 424 
1227 1693 565 765 801 
2061 894 1702 164 1628 
1516 1573 1466 1060 1213 
1824 1861 1367 143 1340 
747 720 1942 106 159 
1061 1207 1978 1636 2060 
1774 1492 2017 1726 1842 
1121 86 7 2036 833 
1309 199 655 1316 347 
1550 33 2035 1430 1554 
302 380 1544 737 1065 
1222 1151 921 1596 847 
933 1654 478 1097 613 
600 1165 1226 772 534 
1083 33 884 839 659 
1324 517 1641 1506 175 
872 710 1997 1711 1722 
150 1252 1769 1739 1624 
1371 456 117 1987 543 
1628 1816 1289 218 1826 
1107 903 1852 249 78 
736 970 616 1691 988 
592 598 640 502 869 
264 399 919 1484 347 
1630 1134 1279 1274 1055 
587 22 1123 1067 1545 
1440 1985 257 934 884 
164 1661 1820 984 233 
290 1326 1621 186 123 
735 105 704 1956 1671 
1820 1367 401 1119 1538 
1142 29 1083 1269 1712 
599 1229 596 1324 373 
174 1787 5 2055 953 
734 552 1356 2061 945 
881 838 1617 1030 253 
426 983 1516 282 1581 
1284 1097 1031 983 768 
998 597 1143 878 307 
1806 191 447 1666 1248 
330 286 421 876 1940 
877 1846 1331 573 775 
934 1323 1758 1647 1985 
2066 1713 2063 515 1419 
1502 1250 849 1165 191 
458 1435 91 552 699 
1846 589 598 1143 601 
1385 1173 1626 1732 597 
878 737 747 583 449 
564 946 1606 1243 376 
737 1626 878 819 159 
1255 202 1066 894 1345 
175 1287 1637 1899 919 
261 1346 406 94 1383 
518 704 1128 661 511 
1558 29 1539 1382 482 
1662 408 453 1191 699 
1122 1951 101 804 536 
634 1700 584 987 269 
1761 634 165 253 1056 
1242 1371 739 1503 1096 
790 1808 1900 1715 1048 
193 1820 1654 1473 1450 
1156 671 184 1423 484 
169 1636 1287 1018 542 
736 970 140 1725 1691 
1188 1287 175 1170 603 
1046 812 1166 1016 875 
727 821 490 454 837 
571 1119 1107 1852 1660 
1973 1160 680 1051 1092 
805 1820 1316 903 246 
542 1123 499 1703 1400 
2067 2040 367 1889 1631 
850 1307 1421 807 1423 
98 405 52 1427 1111 
357 422 852 1451 1290 
1991 737 123 878 921 
1512 1239 75 1378 218 
143 738 732 876 941 
1701 323 715 1178 545 
502 1573 1302 531 971 
1764 788 185 1535 1001 
1585 1514 1010 282 253 
2057 2030 1031 1612 531 
272 983 439 728 506 
764 1198 498 739 1051 
1722 1299 960 458 596 
730 118 1353 407 1481 
1804 1924 1071 411 596 
492 663 536 146 667 
1725 1029 1506 1641 616 
552 1878 941 1241 1483 
54 1316 1576 1772 18 
1003 1020 1372 1425 787 
2035 33 1698 1340 1550 
894 1661 1722 655 2045 
1383 1697 1944 1680 61 
1698 33 510 1083 551 
1736 172 1867 2018 361 
1010 616 840 253 2006 
807 2007 232 1286 781 
765 724 169 1018 1554 
1956 1266 1343 1634 290 
111 848 74 1679 1452 
456 1371 1987 1688 1051 
1661 1316 1062 1722 199 
370 2029 251 1153 1793 
663 565 1227 1421 103 
611 776 1555 1096 381 
1860 1232 37 1016 123 
703 1160 659 456 1888 
492 1142 1554 1246 667 
590 447 1185 1789 685 
1370 1987 543 456 1057 
1822 279 2052 212 229 
146 103 663 996 1506 
1542 786 1078 1975 1080 
54 2029 370 1597 307 
1479 1658 1893 1268 1008 
1156 614 1307 850 497 
1506 1081 1754 1528 1440 
316 247 1346 584 806 
1134 1274 1630 1511 776 
1151 921 1222 1991 1942 
598 786 1804 573 1002 
1268 1706 2003 903 1107 
91 1507 1662 914 577 
174 1725 714 1672 736 
1973 621 1688 1904 1503 
74 1456 761 1800 386 
877 661 1331 1453 302 
1611 1887 161 381 1087 
1778 1768 1075 785 791 
18 983 497 1056 769 
1152 318 1506 1636 1725 
1933 649 762 397 833 
1294 237 804 1160 1570 
1603 1377 828 1651 1201 
421 131 1541 984 734 
717 1694 427 305 1075 
934 1440 1647 1985 593 
1315 1524 817 1079 730 
1860 1299 358 1387 1200 
484 745 864 1249 1082 
46 1684 704 37 1016 
1435 1674 1885 596 244 
1287 200 1164 1272 1321 
596 1306 1632 1383 1328 
261 1797 1507 449 878 
1288 447 1585 1058 282 
1697 987 775 1744 1804 
1798 1092 1781 1611 1887 
46 696 1721 94 1650 
122 1216 737 1805 1804 
1644 1803 685 270 441 
498 793 1427 1314 1336 
525 1803 1449 156 1372 
969 149 972 1670 207 
1722 125 1674 2008 1299 
69 848 772 1936 125 
1181 449 1358 302 94 
1007 1538 441 426 886 
679 970 1725 616 174 
342 1178 1350 1756 323 
199 741 2055 657 77 
1694 691 1075 427 444 
80 434 1921 1668 238 
1271 1718 1820 1658 1268 
2016 1349 483 555 1816 
934 1758 577 593 181 
1691 174 736 1175 1381 
269 1485 394 1713 998 
1018 847 2060 821 1329 
843 244 1435 1248 1797 
545 874 146 1350 1506 
1534 906 821 1362 2038 
1722 1264 1702 848 1711 
1660 443 1620 1479 1121 
282 443 104 1097 639 
1308 1749 1346 1159 1526 
941 534 143 772 564 
23 1620 265 100 1006 
945 552 941 1878 2061 
1647 1596 1671 580 2025 
1691 616 970 1725 572 
1065 1626 878 628 901 
1060 1184 1157 966 1231 
707 364 1427 1503 611 
1659 585 1858 131 1753 
1077 1806 1711 25 1820 
1939 889 282 87 1431 
1122 1894 254 1272 1899 
1354 1811 1030 586 465 
484 1494 1705 695 1082 
533 67 964 313 1200 
555 106 978 1636 1755 
174 1877 584 1677 2017 
413 1045 22 1400 489 
1152 1506 874 1993 1976 
1498 336 872 413 1212 
1985 1151 921 1222 1440 
1383 5 1070 987 316 
1170 1725 1506 1993 1132 
1718 969 443 469 1938 
1938 1456 293 681 416 
536 1819 1654 1325 103 
325 1984 60 1812 1289 
980 523 240 805 284 
1147 2064 502 971 1208 
962 1457 681 1408 1880 
482 1706 876 1516 397 
1794 1887 1341 489 430 
1198 1503 1984 117 1051 
1227 551 565 659 1554 
118 1820 2017 1363 969 
802 1355 146 115 492 
941 69 1607 1154 711 
100 282 1772 1636 1178 
1423 558 833 1824 26 
1628 1303 63 1483 1826 
1749 143 69 1936 1159 
1628 1059 1826 1816 1289 
1302 822 1495 1161 1638 
1437 1777 261 1626 589 
219 634 381 1630 1274 
1585 1767 280 1268 894 
2016 1054 1432 1826 1597 
246 2006 903 1598 486 
429 230 1329 1137 1720 
232 1142 839 1180 29 
73 174 1670 1680 1806 
1859 1461 1376 570 1430 
1160 1781 1314 1092 1888 
1778 1842 1036 1768 502 
1975 1910 634 1097 610 
165 282 497 1056 1448 
1514 1001 253 1585 586 
1392 1539 813 1391 608 
1715 1900 1809 391 612 
894 1680 900 1767 1255 
158 1721 1485 1346 1358 
1314 1973 1198 1051 117 
1510 625 1421 1307 850 
1858 1248 61 1356 734 
1749 25 330 741 972 
774 915 1573 1281 70 
426 1076 1268 738 346 
1617 881 157 41 840 
100 1631 1440 18 497 
551 1693 858 2007 1020 
1355 767 807 1307 850 
941 1268 1820 1231 1878 
237 1294 28 1951 1984 
246 1316 1820 1687 644 
1219 924 673 134 79 
1286 1307 850 1246 492 
1687 1595 1316 991 1785 
675 978 1710 1544 1994 
730 25 1538 1237 1004 
1841 526 172 1823 1736 
1365 1970 1390 1016 618 
608 1391 765 536 667 
743 1122 765 565 1272 
771 958 347 1743 934 
883 1087 1096 1529 1521 
1367 478 1097 1004 1620 
142 1174 1151 921 1222 
341 380 601 518 878 
1739 1296 1643 1327 1136 
906 1207 238 724 556 
1479 969 987 443 1749 
1349 934 1188 721 1232 
843 725 1415 244 960 
1010 1222 735 1216 1485 
378 302 1826 1975 1062 
1336 1674 1226 1751 1613 
1727 1695 1852 1651 1718 
4 1851 523 1835 1079 
435 501 939 402 1833 
1 319 203 1662 1700 
1173 978 1016 106 747 
1712 1582 1423 58 33 
878 1865 1229 429 1143 
125 1248 734 408 245 
2017 920 408 1209 591 
72 6 847 388 675 
586 1852 1856 100 1475 
565 1554 232 1246 33 
1010 1617 2006 881 396 
1654 1751 1152 903 948 
1570 1294 804 28 1496 
725 960 824 1940 1461 
574 1349 1899 458 960 
1999 1551 1615 409 109 
1697 1499 481 1112 1793 
724 1174 2060 1151 921 
1006 74 1154 1679 100 
1250 1041 1502 595 98 
1307 807 1246 1554 625 
1095 1200 532 132 399 
357 1451 147 1615 422 
1471 516 570 462 723 
1043 1945 104 1271 1718 
848 711 195 162 143 
585 34 690 734 457 
1300 1393 537 3 240 
232 839 1455 2007 807 
1878 1191 768 734 941 
1127 417 1904 1274 1503 
1376 492 1554 663 641 
51 1281 1635 47 2046 
442 1703 1200 149 647 
484 745 695 375 1082 
123 1662 1741 661 1826 
839 187 1942 433 398 
1896 1797 634 1947 1173 
1949 75 454 1315 1079 
1626 601 1846 1173 865 
1455 625 858 1307 850 
1112 1780 465 396 1697 
567 1255 1184 54 939 
1627 1083 1269 276 29 
1029 1506 750 726 1993 
1828 1046 1432 2016 1826 
233 330 1240 64 1397 
592 1331 640 468 1084 
737 628 159 380 1865 
1255 681 1954 894 74 
1446 1079 1438 502 1007 
1617 840 586 1449 799 
842 28 430 1188 1404 
2008 816 1014 1939 1559 
1234 1684 257 37 1970 
133 1531 1916 1148 862 
1267 1844 4 1674 1184 
1524 100 1603 1787 1772 
1475 1787 385 5 1767 
1833 995 939 742 4 
1723 138 463 114 464 
1276 294 1137 771 302 
1845 1826 54 106 1386 
1664 496 2027 865 324 
1154 5 848 1826 1006 
1948 1709 32 88 1275 
251 2061 1271 1023 1292 
1736 951 1723 9 1498 
1981 1326 1948 1343 106 
1706 1763 973 1772 655 
791 894 202 322 506 
737 1672 1324 363 2005 
903 441 1820 1079 1751 
426 1769 1268 14 1537 
1683 96 1597 483 884 
1117 1045 134 56 1008 
821 1362 727 1534 1741 
1450 613 1195 428 56 
23 1620 1585 1691 1756 
13 387 637 1887 683 
1688 1566 381 1611 1039 
246 1316 1030 805 755 
167 1993 1029 1026 1098 
817 1284 964 1097 1045 
27 46 1153 678 696 
1516 1573 463 553 876 
1641 1097 1325 983 1960 
951 897 1903 9 1502 
1676 1273 308 1225 707 
254 1899 804 1894 430 
202 728 1679 506 1356 
1151 1222 187 1596 1985 
1541 534 452 960 1199 
1284 47 905 1090 1117 
1949 502 584 817 2003 
4 1768 291 829 1036 
161 1096 381 707 364 
1826 1805 1921 1299 1432 
468 1784 1949 328 924 
707 1555 1987 1370 477 
566 1444 1666 475 1110 
1736 172 707 1194 98 
974 625 802 1342 1421 
563 1122 115 1306 570 
257 1985 577 1440 593 
5 223 894 1662 453 
1154 2061 1628 1820 894 
1154 1406 330 64 1159 
1866 1905 1886 948 30 
995 50 1489 1456 77 
956 2050 1366 1530 1133 
125 1060 1184 732 1541 
787 1764 165 1448 908 
1641 1170 475 1506 1677 
1250 326 553 1516 1076 
734 552 125 303 1878 
600 1165 1848 977 951 
1729 1472 1438 501 1362 
1751 1620 1905 25 1476 
111 64 848 1407 655 
534 1954 458 1722 655 
977 1848 1903 897 2018 
1489 1939 1852 1136 1633 
5 242 894 100 1097 
586 1171 4 1121 253 
543 2027 1370 541 477 
1133 1741 940 1530 1366 
1042 1612 171 2029 198 
1894 1899 254 200 1188 
1495 426 88 1949 14 
934 1140 1758 458 181 
534 732 2065 1960 503 
761 1408 1457 2040 1075 
2025 577 1985 1151 921 
1516 1443 1045 1427 47 
987 1383 1826 2061 245 
125 941 1060 738 1184 
385 888 871 1880 356 
835 53 1599 1191 245 
1912 822 1383 104 1479 
736 616 140 1725 1691 
924 2041 1219 797 1490 
1806 25 73 1154 443 
1763 1706 197 1529 1268 
932 1342 1802 625 807 
1306 1138 1034 1654 574 
536 101 1894 1122 510 
1620 1613 1736 951 1060 
1016 94 1365 1994 321 
1010 396 1937 1610 840 
523 529 1079 805 150 
207 34 1487 1101 1727 
1203 143 1130 1526 732 
542 1756 1097 741 1607 
164 1702 1043 1874 552 
165 1976 556 497 821 
1803 1200 71 983 1662 
822 1383 34 1718 876 
736 616 1708 1701 1691 
555 42 832 94 589 
1191 1477 1248 1854 1703 
1733 796 644 1316 1479 
634 840 282 465 265 
2007 522 187 1970 1983 
1692 1617 840 1852 396 
939 77 1939 889 1861 
667 103 146 663 1819 
1528 1718 1196 140 1097 
589 238 1444 1323 516 
1219 706 1975 1143 13 
361 890 172 1802 1752 
1620 1514 298 282 1585 
1263 1143 275 1486 1173 
645 1712 1802 1202 1995 
1820 817 1829 810 1328 
1530 2016 593 1734 483 
100 74 1772 934 1361 
1079 1585 1633 1692 1374 
1751 1479 14 1658 1893 
1642 1449 1175 1315 359 
840 253 1761 396 2006 
958 200 983 1376 663 
1349 1684 904 1597 1849 
436 1175 1747 1761 1260 
1529 1503 1127 1051 1087 
1072 315 307 865 1977 
46 978 37 696 1970 
1741 1673 1298 1133 1662 
1102 1440 1985 257 1636 
772 1479 534 1383 732 
1693 1269 1083 276 801 
1756 1528 1607 1291 16 
1134 1630 1503 1274 1314 
1292 251 370 896 2029 
1483 329 1641 1720 1807 
1134 776 575 1630 1974 
1976 912 1725 1985 921 
1722 1226 1465 1674 1184 
596 697 1383 2029 91 
167 874 1993 1506 1188 
586 32 1948 265 1617 
1226 526 534 1184 699 
523 829 1633 1726 1719 
336 949 973 202 1706 
1174 1684 318 1985 934 
663 1083 1142 1712 1287 
2040 1768 291 1929 691 
1909 1461 1936 1720 1541 
606 1003 276 304 1558 
841 149 1293 1654 4 
1206 545 1097 726 631 
849 1250 897 595 98 
1586 1070 817 1237 1623 
984 1271 876 1702 941 
738 1231 1878 1184 2030 
1498 1585 114 54 1674 
1828 1683 1597 483 1432 
553 1723 1841 738 1060 
1809 1669 790 612 391 
1582 1558 606 528 1391 
1706 70 469 1140 762 
1198 1547 1092 764 60 
951 1076 1502 1848 1903 
1695 1939 1727 1603 1852 
1826 1816 1628 1601 1102 
541 575 455 62 147 
1178 497 769 1737 253 
1370 110 1887 703 541 
378 894 1121 848 1585 
1816 1384 1102 1628 1349 
941 1599 1184 738 125 
1596 556 1672 1602 921 
1126 378 578 1271 647 
1700 729 2034 1174 1140 
1993 1528 1663 616 1896 
737 302 1826 123 290 
265 1695 1767 1006 207 
1143 1507 1386 1297 1419 
1712 1765 1698 1554 807 
745 1510 695 1421 850 
894 1662 1097 1878 61 
303 191 292 1288 1581 
1015 1721 1572 307 94 
1291 1756 407 1950 1691 
1602 1222 582 1986 1647 
1768 2040 717 1694 1631 
1573 326 553 1060 1466 
741 239 1097 1087 143 
16 988 1708 1701 1819 
1851 529 1381 902 1007 
634 243 1662 1932 704 
1440 672 1471 577 1985 
484 1705 745 864 695 
493 565 1693 663 582 
1289 1102 1921 203 1748 
1816 1849 1628 1059 1322 
242 479 2055 1655 427 
1529 1503 1127 237 1198 
26 1049 1582 1372 645 
1679 1960 1190 972 2061 
964 1045 495 1738 1891 
1826 1632 1805 1628 1241 
1160 1781 1547 1984 1570 
88 502 1039 1281 1492 
959 987 1912 876 732 
132 574 851 532 399 
1503 1087 2058 1529 1014 
542 140 1806 1744 972 
1672 934 1440 1677 1636 
1087 1781 2008 1198 2054 
448 381 1555 660 776 
207 1727 34 681 1603 
1289 934 257 1985 1816 
1552 4 77 1948 19 
1695 1479 2047 207 1651 
1896 776 219 117 2058 
250 1977 403 390 1872 
903 14 1268 2003 426 
479 1353 1474 242 887 
1797 809 389 978 376 
1386 1506 1507 1563 106 
405 1336 1798 1551 707 
840 61 1655 871 465 
159 737 1653 203 1331 
257 934 1772 1440 1985 
1534 2038 19 402 727 
1858 1363 1659 1356 1154 
905 1498 134 47 8 
501 1446 382 1729 1381 
581 1459 1446 1439 401 
1220 453 55 1 1662 
7 1585 558 253 1998 
608 804 1894 1951 743 
1325 407 426 1097 1203 
1706 1452 1267 62 1529 
446 1836 673 502 868 
1062 1303 1826 378 480 
1529 1503 1198 1087 1547 
42 832 605 1977 390 
1929 1764 788 1841 1001 
1406 1479 876 330 1936 
175 180 2065 1404 1960 
1026 754 1976 1350 1925 
1741 956 1650 1673 704 
1630 1274 674 575 1022 
5 287 953 1310 1692 
1861 1107 1007 1214 903 
1059 1349 1276 1628 429 
181 1232 934 884 1102 
540 1896 1691 538 1950 
1758 960 721 440 934 
424 66 545 146 1759 
663 1246 582 1712 492 
159 589 1067 555 834 
1941 1306 596 1826 458 
125 1857 2061 734 552 
148 1641 410 1018 615 
1608 455 1055 849 788 
203 1732 480 1 984 
820 2004 1739 1327 880 
1513 61 1750 1620 840 
921 1222 187 1596 1985 
750 1506 1976 1725 1636 
251 46 696 914 1435 
848 894 1006 1384 125 
1513 558 1918 787 1381 
497 1554 663 565 659 
125 738 1479 1184 941 
1206 969 1121 848 1316 
1749 330 1526 772 25 
1689 1092 1781 1198 1547 
330 25 1159 233 286 
1395 2055 1389 1498 463 
454 953 1135 1652 1709 
1985 1636 1287 698 577 
564 946 600 139 732 
848 1046 1722 483 162 
484 527 565 864 695 
1316 1062 1722 647 1876 
963 433 1668 2025 1467 
1506 754 1641 175 1152 
267 239 1489 1333 1929 
440 1998 958 1506 1152 
832 891 1276 1016 1486 
1222 1151 921 1647 818 
1761 353 309 1010 1737 
310 1383 1140 960 721 
1666 552 734 1898 1878 
497 1056 282 769 100 
704 94 1721 508 978 
565 232 1693 781 551 
1479 1121 14 1513 1660 
18 2003 1585 239 282 
1554 807 565 2007 377 
125 1674 1226 941 1060 
1561 447 590 1499 191 
858 801 1230 1583 624 
1826 251 1541 773 1945 
1404 167 1506 1029 1641 
763 212 573 2011 1004 
429 1378 1089 934 1758 
990 378 1499 2061 1975 
1797 601 346 775 1507 
848 1154 1255 1816 111 
1045 1736 1111 977 931 
1097 1774 1516 1670 817 
642 1725 1029 1528 1407 
478 407 1620 16 1060 
1984 60 764 1127 1529 
1628 1541 1241 1601 1349 
1860 458 63 851 399 
1787 34 1479 207 1660 
1180 1696 1698 1693 1340 
876 1130 1936 233 1706 
1634 1222 1647 1174 290 
1433 1294 1496 784 1781 
100 1528 1227 497 1772 
921 1151 577 1672 1985 
785 502 2055 67 964 
416 152 2017 1937 1718 
1653 1402 1303 1826 771 
1276 1432 1593 1826 294 
1960 125 64 1097 1528 
553 1516 463 1466 1060 
741 1585 704 1136 1475 
1391 663 492 1142 1018 
737 1207 94 1596 1797 
1861 939 952 995 1726 
316 1346 1638 774 731 
79 806 971 1490 999 
159 601 1276 238 106 
610 717 735 881 1671 
1151 921 1986 1596 1174 
1820 25 796 894 902 
1480 878 1925 159 238 
1553 117 918 1014 1676 
1704 1184 1613 1674 1243 
551 510 659 565 1421 
1107 2003 1268 777 1585 
429 1677 159 230 1588 
493 1554 839 1582 1889 
1184 1599 125 1226 738 
884 577 1234 257 37 
453 686 1297 329 379 
884 257 1684 1983 37 
1303 1681 596 1826 1662 
421 1483 64 1356 972 
1826 1306 318 686 934 
1465 4 1635 240 114 
255 1475 223 994 1915 
876 1936 233 1154 1702 
1628 1199 1322 218 1826 
611 707 1279 1559 2054 
252 1704 1465 1226 1060 
1384 1264 1193 552 961 
1346 502 584 8 75 
1142 1554 492 663 807 
1329 1826 1018 1054 310 
1703 125 941 1154 1628 
695 484 864 1494 1102 
1466 1608 944 849 1076 
126 571 253 903 1107 
150 1923 1687 2040 1719 
1299 1046 1467 1826 1432 
1999 109 845 278 368 
848 1680 54 1006 894 
934 440 1188 1758 254 
494 1315 1327 83 353 
1962 756 1456 1964 1938 
1774 506 149 655 2055 
1769 1537 1315 1829 903 
1381 1079 1851 529 1709 
1502 2027 1664 588 1031 
878 1173 1002 1865 1846 
728 1722 1703 768 125 
1919 548 2055 99 1750 
