1614 1744 1170 
293 453 1241 
1884 269 859 
202 832 531 
295 256 48 
444 937 1196 
893 780 457 
386 444 577 
817 533 1004 
557 989 376 
1675 799 290 
31 1477 1034 
626 1727 1488 
129 1469 281 
1199 1658 301 
1745 1864 1168 
479 309 1475 
1881 1945 1897 
1489 1983 1198 
872 202 531 
1768 1796 1010 
1436 1813 1860 
553 1062 590 
1406 733 830 
1293 496 285 
1940 1336 903 
881 501 1204 
744 1782 1518 
89 1704 18 
1718 1922 231 
1408 986 1694 
1543 123 11 
1132 1475 562 
57 513 375 
681 332 788 
1814 1409 2063 
1109 989 1857 
1114 1324 884 
1241 124 1753 
251 1096 977 
32 791 20 
1729 1716 1978 
346 867 1929 
301 590 1107 
511 1072 747 
2039 877 329 
1489 507 1711 
1028 1594 965 
1181 295 889 
1465 1109 2008 
911 1667 289 
10 1700 245 
936 1516 27 
792 1763 239 
1609 475 525 
1125 940 1086 
286 690 930 
200 1992 33 
549 1455 1577 
1123 804 1122 
1503 800 512 
965 2038 925 
46 1048 1435 
446 381 1356 
1433 1264 877 
424 505 1779 
722 267 1510 
141 534 1732 
809 742 1981 
1797 1666 1578 
626 606 774 
1777 1317 1750 
238 490 1086 
1851 787 1074 
23 800 823 
38 918 1258 
963 74 974 
207 1208 1079 
731 822 129 
1074 787 1513 
1769 266 1537 
1113 1117 1090 
1953 181 169 
10 799 628 
479 16 309 
1253 258 208 
1290 801 2008 
7 5 777 
1079 797 2056 
28 1016 1704 
223 1831 290 
1501 1262 127 
293 134 1 
1089 454 238 
1451 277 883 
1432 320 1386 
533 1678 928 
227 1289 1807 
751 1228 190 
406 905 467 
257 1985 1756 
366 1069 1197 
1688 701 1272 
996 767 802 
1001 1779 223 
892 1479 1866 
119 1745 102 
1071 285 1012 
501 113 1662 
1510 410 715 
1841 1062 1107 
444 577 117 
1711 1489 267 
191 816 501 
102 314 2010 
265 1627 558 
1209 1241 453 
1234 1985 111 
1659 1331 1732 
1007 44 747 
990 1764 476 
275 482 679 
868 1258 1117 
31 468 918 
681 38 434 
199 1698 697 
2063 779 35 
225 1225 1867 
1122 1678 928 
13 1469 712 
223 693 1779 
738 1401 1077 
292 723 1059 
880 1233 1549 
92 354 151 
1165 1331 338 
1042 1218 1208 
1461 311 1237 
930 286 976 
1165 1386 1626 
736 572 1098 
1147 67 22 
818 840 1768 
18 827 28 
1666 1914 1947 
1076 1675 992 
2066 1196 1013 
357 1609 408 
1665 347 1024 
303 1995 551 
352 359 710 
1548 354 1237 
453 1241 230 
160 1054 361 
1173 431 694 
1126 880 815 
1694 1980 848 
374 881 825 
1977 699 240 
1113 1117 2061 
153 1054 361 
826 606 1147 
728 1722 808 
1499 1154 587 
1702 1249 1470 
1643 787 1074 
276 258 377 
1098 1207 140 
1569 2047 1036 
1953 82 672 
1062 1019 1335 
681 34 230 
930 877 468 
706 1205 1576 
1520 764 1972 
1287 1984 860 
1029 1725 1646 
1065 370 198 
1071 1044 107 
1152 1506 1985 
949 559 2026 
1953 82 1098 
620 1036 2047 
1450 846 1306 
993 2066 117 
942 298 466 
535 1089 238 
1075 396 586 
1093 999 681 
524 1190 75 
373 98 1159 
1980 211 501 
939 1922 1718 
1065 681 235 
1001 1779 1019 
1939 1569 1408 
175 800 622 
1689 768 527 
788 521 1858 
243 125 401 
1992 57 493 
650 513 54 
3 1217 872 
877 533 1024 
589 968 668 
575 1476 1852 
1809 472 662 
231 651 1991 
498 978 258 
1646 440 1442 
1034 723 1433 
1980 1020 645 
785 1063 1456 
760 1909 1037 
1269 182 221 
1505 916 538 
1468 1739 1888 
1046 902 2047 
782 1540 137 
1239 1174 628 
1255 310 1950 
1269 1425 214 
977 428 1185 
693 205 349 
525 1833 963 
127 1867 1037 
1265 1697 1516 
550 1384 1123 
991 1408 168 
1614 1462 292 
681 171 969 
207 1727 939 
641 858 1547 
897 890 1119 
278 1704 2002 
699 240 938 
439 763 926 
1110 248 1427 
490 516 1086 
1198 18 617 
235 699 910 
719 170 1079 
980 1830 935 
199 697 1217 
615 444 5 
1208 1079 1042 
336 534 213 
847 479 906 
237 1110 1087 
729 2018 1481 
867 533 574 
39 1096 1564 
1956 1304 898 
1114 1772 100 
304 711 196 
939 1346 207 
525 1058 1967 
100 1440 1985 
978 377 356 
1265 393 1878 
929 527 899 
466 411 1194 
187 575 1075 
956 847 1836 
1122 1678 961 
558 385 115 
1268 1866 560 
1711 1631 1489 
2056 88 327 
1257 859 2 
1239 1134 219 
1233 880 1549 
347 325 1588 
1012 480 699 
1080 1119 1038 
681 777 1826 
166 708 1942 
989 94 1077 
234 1704 1510 
1228 751 929 
755 1488 1619 
13 129 646 
1620 1882 1338 
979 453 1808 
1147 553 1062 
820 496 854 
56 138 482 
888 887 562 
1176 2047 1036 
1577 1719 1077 
693 1779 223 
2025 1861 539 
775 1614 723 
453 1241 1 
1669 742 809 
48 1181 764 
979 859 1930 
756 1808 1932 
466 185 942 
960 171 777 
408 1268 232 
1019 965 43 
849 2023 541 
526 1077 551 
566 1601 1447 
952 1633 1833 
2002 600 25 
1420 113 1343 
1326 1800 2005 
16 1475 479 
1950 220 1381 
788 1197 137 
965 895 992 
312 965 1019 
1235 738 1941 
809 863 68 
1448 1692 1400 
208 2019 1942 
1528 884 1114 
124 159 537 
699 1085 235 
245 1208 1042 
887 353 2031 
1013 1056 750 
1726 427 580 
1073 347 1807 
822 1332 967 
683 869 797 
1066 1192 218 
918 700 1177 
366 941 943 
1591 914 1315 
34 500 1759 
629 1052 668 
90 1599 290 
678 1415 1047 
929 246 732 
13 281 129 
470 1165 1359 
1041 1094 397 
704 1991 1655 
862 885 597 
726 423 140 
1102 1807 758 
1057 397 438 
860 1205 175 
698 1229 790 
325 509 1665 
1212 127 198 
205 693 223 
925 948 1247 
1017 51 799 
150 375 745 
1796 1296 309 
151 286 846 
95 348 198 
258 978 182 
958 1876 422 
738 375 131 
150 1181 513 
557 849 747 
741 476 1114 
1100 778 124 
1843 1153 982 
34 1601 1197 
584 979 453 
941 330 1197 
865 457 927 
1017 488 1157 
1833 1960 974 
1858 285 1012 
534 1228 732 
1591 1446 1917 
190 1159 929 
881 825 157 
1705 1401 358 
526 641 805 
978 258 1698 
1791 901 1561 
1170 655 1313 
971 712 719 
1477 877 1135 
575 1643 586 
239 1956 1304 
745 256 525 
205 1630 1852 
444 111 577 
1057 910 240 
1996 448 786 
1893 1336 1624 
1861 511 86 
869 327 905 
1557 2018 1481 
1265 259 815 
556 187 1222 
673 1359 1697 
187 1978 1025 
339 1094 613 
821 906 247 
820 458 1328 
1951 1500 1131 
697 168 199 
1726 580 501 
1607 435 820 
1068 528 129 
245 712 719 
561 891 380 
1006 706 1754 
1845 748 147 
1954 288 965 
103 1510 698 
466 777 447 
387 2065 1640 
785 1129 314 
943 1507 1561 
1084 1599 1549 
1209 681 1932 
1087 507 332 
901 1196 1169 
1257 22 909 
327 321 1878 
1516 880 1558 
710 2007 549 
1098 706 342 
65 492 505 
1992 1705 200 
803 1481 571 
402 1955 1694 
1614 333 1462 
75 1258 550 
235 857 240 
154 1380 1144 
783 192 833 
1505 1534 786 
681 124 777 
1607 403 239 
800 507 1757 
90 1028 1831 
1419 1110 1033 
472 1094 763 
1442 209 1892 
1025 1944 1716 
1099 681 1093 
725 1016 34 
5 111 1970 
778 1858 785 
381 63 1024 
777 1154 1064 
1996 388 247 
681 473 1764 
460 113 191 
836 1126 643 
151 1548 1753 
1209 1241 293 
93 879 1150 
1831 207 90 
1371 444 569 
780 865 367 
239 1129 483 
628 1400 1112 
1101 865 601 
981 980 242 
1172 1127 993 
1288 1386 1165 
1798 403 1336 
1767 1476 1274 
411 777 937 
619 927 891 
172 1052 333 
526 1268 266 
338 785 1359 
1337 2001 1294 
439 1094 1041 
449 1209 38 
204 668 333 
54 1030 792 
1896 111 1154 
246 1867 1037 
1759 1326 954 
16 1097 309 
877 1264 1502 
1561 941 2018 
286 1054 476 
1198 239 18 
1082 728 1597 
387 637 698 
649 1372 1242 
1973 513 375 
1028 712 1199 
1502 591 480 
516 238 1534 
874 1695 1892 
1142 1311 1922 
568 200 688 
500 1579 34 
1158 428 846 
285 1328 1173 
1178 100 1350 
2047 1036 208 
1102 758 1744 
34 332 725 
816 674 402 
1089 459 799 
1644 1883 1679 
1199 967 1332 
663 1933 65 
1312 559 1289 
1087 1984 1711 
731 1332 129 
347 1034 623 
426 249 1444 
1072 1051 1077 
800 823 1503 
534 33 1539 
90 1549 1079 
1444 729 510 
490 238 786 
5 286 706 
1549 421 1125 
190 1359 534 
1247 182 1088 
788 854 1858 
181 169 1500 
168 1046 217 
189 1344 242 
1030 1833 1058 
376 469 303 
1167 1699 899 
783 1088 1616 
1009 1610 1499 
492 1142 1269 
3 832 202 
428 1348 608 
1095 8 203 
513 863 371 
1950 16 238 
1489 1631 254 
473 124 434 
1505 490 727 
1866 962 104 
679 1175 642 
687 1584 375 
1506 179 1350 
1831 90 43 
1045 954 1326 
1506 750 1013 
1426 956 1977 
661 1154 1175 
1904 297 1777 
422 2007 710 
227 1123 594 
568 303 1995 
1131 976 860 
944 22 1147 
1012 139 820 
612 1380 131 
1222 1692 394 
1401 1997 131 
265 385 1424 
506 180 949 
266 710 33 
1586 78 731 
847 32 1987 
372 1261 84 
1015 344 1809 
1706 1699 1973 
304 18 1601 
541 638 314 
493 870 1992 
111 444 117 
546 1932 585 
426 1481 1706 
140 1098 736 
857 1143 595 
250 762 346 
1630 1643 994 
203 339 1024 
1985 884 1756 
859 226 1516 
1019 301 1001 
402 1726 1182 
803 249 510 
1083 1246 663 
777 87 411 
856 1194 116 
1502 546 1100 
1737 1222 187 
705 163 1499 
1139 286 552 
204 968 1090 
43 22 290 
598 673 1264 
1148 885 1067 
1647 1685 1528 
1377 550 447 
573 987 2039 
1065 930 286 
1139 1865 341 
591 1065 480 
403 314 728 
464 2002 306 
1101 724 1125 
1139 480 918 
1007 662 696 
1623 991 1467 
2019 208 217 
70 1765 1591 
748 1017 1456 
1081 1367 1337 
1444 1145 2024 
1986 838 1074 
258 377 182 
1401 1997 541 
1540 1858 1158 
803 960 1557 
244 1087 1367 
1993 1725 736 
1287 239 1597 
162 1722 1988 
927 865 467 
1184 182 948 
1156 667 426 
175 1597 507 
509 397 933 
502 1239 1296 
1160 566 304 
70 12 553 
191 986 852 
459 981 1490 
333 1614 468 
798 966 1012 
1408 30 402 
1434 690 930 
969 416 230 
1617 1025 1978 
113 605 307 
430 240 790 
1212 1057 397 
904 567 757 
1614 428 655 
773 1838 263 
232 858 794 
1747 1175 540 
155 1393 451 
801 2008 2007 
1712 1142 1311 
1698 1088 281 
2037 437 909 
668 1052 292 
486 1242 1372 
1728 513 201 
1727 1055 231 
1627 663 1246 
1614 522 961 
1217 1467 605 
1614 1066 1170 
901 5 1764 
1858 1507 785 
1561 1936 1557 
1307 850 1421 
2027 453 690 
547 1194 447 
603 984 665 
1246 1083 505 
77 780 590 
185 370 984 
770 971 380 
621 1355 802 
648 333 1052 
731 281 1119 
1435 835 785 
1584 303 2002 
1291 758 169 
1389 591 1786 
501 825 881 
1204 10 1991 
1734 95 910 
911 844 126 
335 403 185 
540 286 777 
224 963 1894 
34 788 730 
1238 885 1502 
797 88 327 
1490 879 628 
1806 1152 1350 
1237 615 476 
541 375 1014 
493 304 200 
786 847 247 
632 1434 56 
1694 402 1182 
1511 407 1006 
223 290 205 
314 1235 154 
1249 164 1470 
603 662 600 
243 401 1405 
346 410 485 
235 320 240 
772 1548 2018 
1688 102 54 
775 292 648 
743 1798 336 
1055 1726 340 
1499 1154 990 
423 1772 1006 
1158 1755 778 
1942 852 276 
81 2061 1117 
422 549 958 
89 1704 812 
129 1469 380 
1972 901 1169 
1993 874 491 
1382 1301 1081 
1043 266 1410 
1025 1978 634 
263 1949 1233 
971 770 241 
969 1032 1947 
1633 1956 1579 
842 66 1503 
292 1614 1462 
1101 238 516 
1022 443 1755 
342 140 1098 
490 538 1534 
484 1082 1167 
2018 249 515 
681 34 788 
508 78 129 
1412 959 1447 
23 1482 764 
124 434 1241 
651 691 1630 
140 1691 616 
1089 1310 1353 
131 358 779 
1288 371 1189 
1233 737 1656 
884 577 1970 
779 1577 68 
703 304 1809 
1977 880 1233 
1769 1705 1699 
699 139 235 
904 899 1007 
1017 607 408 
1117 1258 868 
1725 1013 1506 
98 966 1228 
1017 1917 1937 
1858 445 362 
1193 1216 954 
29 280 1718 
795 297 1808 
911 677 701 
1102 1740 1744 
1248 686 594 
213 1047 1173 
1235 1302 2004 
139 746 867 
951 1007 603 
1972 1482 1810 
2065 804 1122 
867 869 1874 
103 996 804 
1050 1167 622 
830 1772 823 
719 971 780 
1462 1434 428 
2018 1946 700 
640 263 1838 
70 12 43 
702 292 648 
1204 1716 1944 
1099 447 681 
661 445 443 
742 1699 35 
893 770 457 
1311 1712 645 
1543 218 1462 
528 432 1616 
723 132 1614 
1063 470 1941 
516 821 238 
1074 1513 73 
34 681 521 
961 1890 2065 
240 910 346 
20 1796 1768 
725 483 500 
658 1069 1561 
870 1547 858 
756 628 981 
622 436 197 
683 380 1079 
630 1143 987 
10 1675 83 
512 436 507 
2007 1547 644 
1355 1307 850 
426 1481 581 
1123 1122 59 
1062 1107 1782 
190 1244 445 
1311 645 1142 
728 1607 435 
68 315 1014 
1626 1039 725 
1777 1801 1387 
1016 1667 1704 
1816 1849 639 
2018 941 729 
1878 880 1233 
501 1955 1431 
1356 8 1678 
840 142 1010 
1144 951 867 
1435 617 285 
398 906 1133 
326 967 78 
1772 512 1188 
1287 983 1998 
374 674 881 
161 1591 1315 
89 28 1227 
1064 1896 1758 
1562 2011 1235 
769 23 1330 
1245 1898 766 
3 1595 202 
192 1718 1658 
1117 1002 868 
670 171 1435 
405 321 245 
1086 1838 238 
1856 1151 921 
2007 549 958 
818 1768 1796 
1663 386 1976 
1307 850 722 
1156 830 1755 
911 677 289 
1168 1180 44 
354 901 1753 
247 562 1818 
1694 156 691 
302 1864 360 
1307 659 1421 
853 588 1131 
708 1251 217 
851 189 594 
521 1012 285 
1028 312 1655 
1703 584 297 
573 1143 430 
794 641 232 
1804 1884 226 
175 1642 1287 
541 534 863 
341 885 1067 
534 315 67 
652 1410 1658 
1101 457 367 
916 1097 786 
250 766 1144 
122 749 1258 
327 391 766 
794 858 801 
1054 587 1154 
19 202 531 
646 281 1250 
1029 491 1651 
1622 1865 341 
1177 1548 690 
480 203 1264 
1750 548 1194 
1490 684 1400 
271 1549 1233 
26 374 825 
659 1421 426 
1226 94 1609 
1234 1114 1985 
1148 480 1502 
924 948 1623 
1737 1222 1986 
887 1621 287 
1030 1956 1833 
1270 1119 232 
406 927 869 
105 1866 1479 
780 770 380 
1518 90 223 
992 693 349 
1192 218 1540 
1405 1623 233 
252 1409 1304 
929 747 527 
1803 888 1522 
1764 1196 1158 
2047 1269 501 
973 984 1167 
747 1077 303 
380 666 419 
821 398 1996 
271 815 67 
507 1998 1503 
419 1257 543 
240 387 1229 
677 844 757 
1993 874 1029 
1697 1231 1147 
331 606 1591 
775 668 333 
866 1560 1505 
1148 1393 592 
1502 1258 480 
1809 743 703 
975 1195 546 
1151 1856 1075 
421 1233 815 
1002 81 868 
886 520 281 
948 1036 350 
1168 1180 260 
619 865 457 
1588 1122 533 
899 336 260 
138 1065 632 
137 1108 1322 
1994 732 1447 
1249 45 695 
1754 1114 1528 
980 1801 242 
1516 1153 913 
5 1287 823 
235 193 1418 
231 1718 192 
1125 55 837 
2018 1561 366 
185 937 1225 
330 1601 414 
553 22 1068 
1254 517 976 
942 185 285 
1101 724 460 
925 1036 620 
1021 180 1078 
2026 482 1116 
746 867 1144 
1633 1317 305 
1089 737 1150 
1216 1193 478 
1264 749 918 
263 1233 1838 
98 1015 595 
357 2007 422 
1069 481 330 
1248 1666 777 
1890 789 2065 
539 1866 1030 
1267 1956 483 
785 1401 190 
312 1019 301 
1069 751 959 
1199 504 822 
204 1264 589 
633 230 442 
1610 1708 714 
719 380 770 
290 223 90 
1167 903 1689 
1960 1752 369 
920 1195 328 
138 552 286 
222 1564 428 
258 377 208 
795 1808 756 
242 1801 935 
628 795 1664 
1843 98 1012 
1087 1287 908 
903 1173 768 
165 1261 1097 
30 1408 1694 
595 573 1143 
407 1338 706 
277 36 1109 
705 1009 1880 
195 228 1088 
895 1700 349 
1127 1234 1206 
575 1643 205 
205 10 349 
103 802 1355 
2024 1917 1882 
1002 775 122 
681 416 1932 
235 1122 128 
194 104 1779 
923 868 122 
631 807 505 
8 533 1356 
2061 1117 122 
1754 1406 1685 
747 603 431 
719 241 971 
529 990 705 
20 840 1768 
792 1526 1821 
273 854 554 
1056 323 750 
1282 809 742 
658 1244 1158 
18 1198 1489 
752 748 607 
758 1102 1740 
301 965 194 
645 1980 211 
949 1078 1457 
725 1230 332 
1249 164 695 
203 1034 1135 
1978 396 1617 
1986 887 1737 
1704 28 89 
47 855 1394 
1651 1708 874 
525 1833 889 
500 470 1288 
705 163 633 
438 1069 197 
1024 31 723 
432 1184 1088 
498 948 182 
1909 213 225 
1184 620 125 
1885 364 1601 
1291 1073 1807 
339 1094 397 
245 1218 1086 
80 1904 716 
1012 370 1047 
544 308 1326 
1693 217 978 
760 1173 213 
1758 507 87 
972 1215 590 
768 1173 966 
511 1077 131 
648 333 468 
1852 385 1075 
871 476 1896 
1939 704 651 
1013 323 750 
387 1106 771 
525 889 256 
1614 292 961 
1485 331 115 
1991 1726 1182 
22 170 1107 
785 1456 1129 
1896 447 777 
193 596 930 
292 648 782 
1148 1143 480 
1332 129 944 
959 966 1244 
293 756 116 
95 107 1065 
511 1077 289 
325 1807 1291 
787 73 79 
1151 921 187 
1089 145 1310 
303 131 644 
1457 912 1593 
245 88 1925 
1613 1832 2011 
1367 608 1713 
484 728 1597 
1246 582 663 
415 90 290 
1238 598 320 
238 837 490 
507 1757 444 
646 528 377 
1076 953 737 
81 1113 749 
1826 681 1100 
993 184 1127 
378 188 999 
339 397 1041 
533 928 699 
1738 1564 679 
479 1261 16 
167 140 1207 
777 681 411 
681 38 1091 
724 601 865 
758 1740 1744 
427 816 194 
177 198 1548 
1054 871 734 
1386 1551 1095 
1062 43 805 
1461 931 1322 
2008 1494 49 
1757 237 1427 
707 1158 901 
1490 1400 1675 
81 1117 159 
1772 884 934 
252 1956 1304 
1610 950 741 
749 1113 81 
1602 1716 1025 
890 1926 1270 
1002 122 2061 
2031 322 1585 
804 1123 1678 
804 1122 227 
622 1293 1699 
514 55 940 
1838 1233 155 
1711 267 993 
312 108 965 
1456 1941 458 
1168 277 989 
552 1500 550 
32 1475 309 
821 906 398 
1897 1416 1441 
1024 203 381 
1561 2018 1197 
1502 1762 1356 
993 1232 1711 
602 597 588 
1054 222 153 
323 545 1013 
1712 645 1311 
573 857 1148 
746 431 139 
1932 1241 609 
1988 1640 1823 
553 141 284 
592 1067 885 
1065 500 285 
628 953 1089 
921 1856 1075 
1506 1806 1985 
1843 1936 936 
447 163 705 
161 1147 826 
1307 850 843 
129 626 1147 
901 1757 707 
1936 658 373 
625 143 436 
1096 251 39 
1521 1608 1738 
6 601 837 
175 1287 622 
139 338 135 
1715 1931 1635 
973 527 1689 
926 1180 899 
1972 764 1800 
1740 1102 758 
714 1695 954 
1056 179 323 
1050 760 1047 
1239 219 1767 
2028 540 1747 
1036 498 2047 
930 1548 329 
497 1350 100 
27 297 1373 
1168 2002 671 
48 295 443 
580 787 205 
1557 392 1946 
620 65 192 
1054 871 1154 
2028 705 1175 
969 660 453 
1114 1234 1754 
127 739 225 
122 1002 1005 
1099 1947 969 
896 218 1477 
754 954 1945 
661 411 584 
885 1502 489 
2066 1757 1087 
1561 941 1087 
483 1983 18 
967 504 14 
1 453 293 
679 1564 2061 
681 725 778 
1579 1777 725 
1716 776 1991 
706 800 74 
512 800 993 
167 1440 1098 
245 77 1042 
116 453 1241 
269 2057 1930 
1614 292 1192 
942 1012 637 
670 878 363 
1861 1866 104 
1049 1391 1392 
954 754 1668 
202 243 1467 
10 1700 675 
1241 434 705 
1002 1190 1120 
501 881 735 
1986 1761 1737 
1763 1848 1941 
731 419 129 
46 1435 127 
883 49 1845 
1156 1755 659 
732 279 98 
910 346 1095 
332 1022 1626 
161 913 553 
1757 117 5 
271 1549 880 
884 1985 1114 
314 1302 694 
1543 235 1762 
137 1197 686 
1085 682 744 
219 1174 628 
1241 275 834 
1209 453 116 
649 486 1938 
80 1773 560 
1069 1321 330 
831 746 1297 
663 1083 582 
520 530 182 
960 681 332 
164 1023 695 
873 337 281 
1046 852 1948 
541 1270 1119 
85 243 208 
945 1069 768 
220 1630 310 
1474 1976 1463 
419 909 269 
122 749 868 
271 815 922 
1324 741 37 
479 985 165 
91 127 1501 
1826 681 1194 
64 955 480 
393 259 226 
