1744 1291 1663 
1826 203 55 
1695 1030 586 
2056 1835 77 
1316 199 1876 
953 894 444 
327 243 837 
1121 282 443 
817 584 1367 
897 252 1243 
1010 1513 1852 
1021 588 558 
876 1043 1495 
1557 1973 1979 
1893 1268 903 
200 667 1563 
1078 115 1197 
1747 353 942 
239 74 100 
1465 1948 2014 
1803 1761 1910 
47 1117 3 
749 630 1498 
733 100 908 
496 163 338 
330 1820 286 
1222 1976 750 
914 46 1507 
1984 60 804 
1269 582 1712 
948 90 1538 
261 1429 1065 
548 586 1030 
565 276 1083 
1066 207 1727 
1755 769 73 
59 1156 1864 
884 1234 1684 
777 1767 1469 
1878 607 1975 
1574 174 841 
1617 799 840 
2016 1016 1977 
876 233 1706 
1119 911 1964 
1637 1628 1816 
696 704 37 
1498 964 897 
386 1456 1316 
1226 252 192 
939 1876 1722 
1645 2015 266 
1427 161 1127 
1753 984 125 
1255 1674 848 
1174 1289 1593 
1820 1395 774 
801 1802 1372 
833 649 1696 
608 976 1122 
1984 1198 1570 
1585 1944 1150 
1615 1674 277 
458 771 1200 
1528 1407 1756 
1027 1316 1097 
1141 1802 86 
746 313 1208 
2001 1633 1803 
711 772 768 
469 584 1706 
1287 345 1232 
433 847 398 
1751 1670 265 
100 1006 848 
1949 903 1346 
109 1554 565 
1835 995 1456 
1852 1514 903 
1513 1806 1097 
2031 1026 1985 
573 682 592 
934 1641 181 
1315 353 255 
685 1692 128 
848 1006 1457 
558 1121 833 
385 282 443 
959 1275 1410 
1092 1781 703 
1758 1029 142 
596 678 54 
161 1891 1979 
1524 41 887 
978 704 321 
1588 1368 1593 
250 904 1683 
174 736 1206 
626 405 495 
1089 2047 31 
1006 1772 497 
1122 976 536 
403 1276 250 
667 663 1506 
1772 125 894 
402 1366 580 
1672 978 1098 
1162 1498 964 
1446 2032 989 
565 659 1554 
405 1688 739 
848 74 655 
1785 542 1206 
208 1975 324 
1422 464 1045 
1523 1627 146 
1042 818 840 
1503 60 1127 
639 969 2017 
62 1845 1613 
1852 165 282 
728 1857 1356 
705 1805 878 
1668 37 921 
2028 53 1405 
1184 1674 941 
14 1660 1302 
494 1315 1633 
1473 1097 415 
1161 330 591 
1446 198 693 
920 690 1356 
1095 532 513 
891 1795 581 
905 1117 56 
1930 851 1067 
324 785 395 
1021 1996 1064 
1573 1516 463 
564 1165 31 
616 1725 1691 
568 192 1000 
1986 818 921 
1268 426 1526 
497 73 1206 
1480 540 1878 
667 663 726 
423 357 507 
1018 1677 1641 
1785 1316 1097 
1687 1252 1624 
868 75 880 
416 822 271 
1607 1849 884 
805 523 246 
285 877 592 
253 18 282 
799 1617 207 
1721 250 243 
1229 1098 106 
1810 1232 593 
1427 926 224 
1683 1597 352 
24 1664 1262 
1702 984 552 
787 497 100 
1914 312 156 
1029 1506 912 
1709 1800 2023 
615 1018 200 
1162 591 578 
2029 449 1797 
1736 2010 361 
1708 642 988 
140 1972 616 
1170 1641 1506 
323 545 1078 
429 1843 1720 
226 1911 159 
1737 407 1953 
175 603 1963 
934 1102 1114 
948 841 729 
387 1375 1024 
565 1083 1142 
298 1001 1736 
579 1253 123 
1151 921 1991 
844 302 1341 
1608 98 849 
553 1516 526 
1591 1585 941 
1802 1747 211 
613 1654 945 
90 1188 1506 
848 1361 100 
1312 1232 698 
973 1763 1006 
1820 199 73 
1711 1255 1316 
919 1272 1899 
143 1757 1706 
1679 1595 920 
1054 1289 1930 
1865 230 1415 
681 1475 1852 
397 659 510 
1066 265 1695 
1207 978 315 
1651 1206 1006 
1509 1641 1391 
1802 645 1833 
1822 1715 391 
1893 14 903 
1474 443 282 
1904 680 1420 
254 1894 1899 
586 1727 1603 
1322 577 1266 
776 1630 1974 
532 132 434 
287 733 1718 
542 1940 584 
1475 1121 935 
2008 1099 161 
1703 1715 1900 
159 561 1826 
1260 1409 1315 
1662 324 894 
1821 790 391 
1601 1653 1816 
3 287 1787 
858 839 2007 
330 876 25 
422 1290 1686 
1878 415 1281 
134 1090 1516 
804 1294 1984 
1207 821 123 
18 74 100 
191 1878 1581 
440 1758 1176 
953 1456 5 
704 1721 1298 
1435 352 697 
965 734 1541 
805 911 1316 
255 1661 128 
958 101 1122 
1514 426 1585 
96 403 1303 
1435 449 1153 
1243 1704 1465 
282 586 156 
1894 1899 919 
5 1239 1692 
1514 1619 1136 
1440 1985 1234 
1999 1867 1736 
1250 1502 1608 
903 1403 1537 
1480 31 449 
1013 436 1713 
972 514 1383 
574 1812 399 
1066 282 1006 
2015 1775 911 
100 1772 74 
584 478 1892 
453 1662 381 
1761 1803 1374 
25 972 330 
1097 728 1703 
1664 1262 2057 
1852 1482 84 
171 1804 1324 
33 1693 1083 
62 54 114 
76 109 1999 
790 666 612 
2061 987 777 
27 914 747 
1620 253 100 
1878 734 1898 
1281 759 1223 
208 1417 1393 
330 25 591 
73 1680 104 
77 291 1861 
1841 811 526 
1621 394 1326 
2040 1036 4 
894 1255 2061 
1938 469 681 
403 250 891 
1672 2005 1061 
880 1438 1446 
79 75 1692 
1001 1620 1401 
73 1820 769 
1723 464 1848 
465 1030 2006 
1065 891 561 
414 945 1071 
858 1227 551 
435 691 1694 
1315 1893 426 
1504 1647 1626 
764 1647 918 
353 1175 1374 
1176 1266 1174 
628 1313 1777 
1619 1228 256 
324 1817 1860 
2029 1800 61 
208 1015 1417 
1154 1475 953 
1688 637 1973 
2043 934 407 
1241 1628 1344 
984 322 655 
123 978 94 
848 1787 74 
545 874 750 
313 228 519 
758 1984 1812 
1076 944 1623 
420 6 321 
2054 1605 161 
1483 1486 1276 
25 1159 233 
1841 360 942 
1324 1447 90 
1628 1297 697 
32 1948 1030 
752 1912 1998 
125 876 848 
1736 1752 376 
1860 1062 578 
387 1433 1400 
543 569 1987 
819 380 878 
715 988 1756 
1073 1950 1337 
1736 172 464 
71 483 1347 
798 1797 959 
1102 181 1289 
1012 403 352 
1479 1513 1030 
1673 963 402 
1697 221 92 
483 1637 162 
1761 309 1175 
737 599 878 
1021 729 1756 
561 737 832 
147 852 62 
1541 984 1253 
253 908 571 
1841 1723 98 
172 1736 344 
1267 1674 114 
901 737 2005 
739 381 1503 
454 729 1646 
1123 387 1556 
1164 2050 1961 
464 300 1867 
620 1537 1403 
1793 2029 658 
2039 1539 200 
1888 1511 1559 
1637 1720 1506 
1981 1596 735 
1705 864 484 
1184 941 1226 
1693 1183 649 
1975 596 1058 
1530 1312 264 
878 341 561 
1096 776 1503 
1374 1643 1652 
352 1232 199 
1758 440 772 
539 1751 87 
74 100 239 
688 1294 1551 
1133 1650 1741 
711 125 376 
704 1956 1721 
1822 1900 790 
1820 25 1268 
1656 1125 108 
1621 290 1323 
519 136 1238 
840 1617 1010 
762 765 2036 
1329 1500 821 
574 264 347 
1310 817 1316 
581 1658 1119 
105 735 1366 
102 250 162 
1962 1574 40 
1111 1336 626 
261 94 878 
179 1953 318 
1248 1661 607 
1272 1899 200 
1307 850 659 
803 1345 596 
361 1156 1999 
749 1087 1529 
164 303 552 
499 1654 1912 
1209 1718 152 
860 2008 685 
1402 2005 1636 
1662 238 394 
327 1390 243 
1936 876 591 
1290 234 2002 
1489 507 267 
1141 988 1342 
1491 1689 1532 
1514 1268 1893 
1767 717 1655 
2065 1627 318 
1229 1677 1137 
1807 1404 919 
198 174 714 
1613 23 908 
96 1970 1457 
562 1222 123 
444 507 305 
1013 787 1301 
1006 1990 1066 
1720 1404 1483 
1861 1722 1876 
1442 1758 593 
1751 1268 385 
1154 768 1898 
1479 972 14 
1631 507 5 
1771 14 1526 
1125 1836 269 
590 983 73 
1553 203 764 
1797 737 251 
1469 1043 2003 
897 1213 1869 
233 922 534 
1700 1662 238 
1910 343 1310 
1055 1134 575 
1371 569 1987 
578 856 690 
960 63 596 
1680 73 972 
2040 1842 548 
533 1784 588 
1323 577 264 
1573 1516 1395 
1736 114 252 
840 2006 1617 
441 888 1910 
1062 537 1259 
1732 877 1298 
655 876 70 
518 878 302 
933 1802 115 
1450 1162 56 
319 90 1065 
607 1997 408 
1641 1404 1677 
1585 5 1662 
543 569 707 
1197 1097 1654 
1108 1353 1475 
1826 1303 203 
1499 1514 977 
762 33 565 
352 2016 1046 
695 745 1082 
130 1320 1000 
911 779 1030 
833 1802 1269 
1703 1898 1356 
697 749 413 
1828 433 1366 
299 1695 4 
663 1142 1246 
1083 565 276 
1079 1315 903 
463 98 1427 
1016 605 1464 
100 1178 165 
707 793 1198 
876 1406 1407 
1453 1200 661 
382 1643 1761 
817 924 785 
1702 1477 961 
146 667 1670 
659 337 1999 
1457 1679 1876 
444 18 435 
94 307 1797 
695 59 1082 
1227 565 667 
1046 978 1601 
60 1529 1503 
574 1484 132 
263 729 1383 
685 299 983 
1323 238 570 
1725 1666 642 
1626 737 203 
894 647 303 
114 959 890 
732 987 443 
1657 1471 433 
980 829 266 
1654 1195 118 
1866 908 1381 
1267 1031 1841 
565 484 1167 
1180 551 649 
1381 1079 1851 
1081 410 109 
249 1076 1514 
132 1095 851 
1200 2055 851 
950 732 1321 
1119 516 933 
976 101 1122 
1586 1062 1019 
1620 1585 1950 
385 1695 282 
1691 174 616 
1370 1979 1055 
1506 1097 983 
1370 569 340 
1174 1671 290 
323 726 874 
379 1530 980 
1852 1475 838 
32 953 242 
720 1365 2016 
174 97 736 
1227 1693 565 
2061 894 1702 
1516 1573 1466 
1824 1861 1367 
747 720 1942 
1061 1207 1978 
1774 1492 2017 
1121 86 7 
1309 199 655 
1550 33 2035 
302 380 1544 
1222 1151 921 
933 1654 478 
600 1165 1226 
1083 33 884 
1324 517 1641 
872 710 1997 
150 1252 1769 
1371 456 117 
1628 1816 1289 
1107 903 1852 
736 970 616 
592 598 640 
264 399 919 
1630 1134 1279 
587 22 1123 
1440 1985 257 
164 1661 1820 
290 1326 1621 
735 105 704 
1820 1367 401 
1142 29 1083 
599 1229 596 
174 1787 5 
734 552 1356 
881 838 1617 
426 983 1516 
1284 1097 1031 
998 597 1143 
1806 191 447 
330 286 421 
877 1846 1331 
934 1323 1758 
2066 1713 2063 
1502 1250 849 
458 1435 91 
1846 589 598 
1385 1173 1626 
878 737 747 
564 946 1606 
737 1626 878 
1255 202 1066 
175 1287 1637 
261 1346 406 
518 704 1128 
1558 29 1539 
1662 408 453 
1122 1951 101 
634 1700 584 
1761 634 165 
1242 1371 739 
790 1808 1900 
193 1820 1654 
1156 671 184 
169 1636 1287 
736 970 140 
1188 1287 175 
1046 812 1166 
727 821 490 
571 1119 1107 
1973 1160 680 
805 1820 1316 
542 1123 499 
2067 2040 367 
1307 850 1421 
98 405 52 
357 422 852 
1991 737 123 
1512 1239 75 
143 738 732 
1701 323 715 
502 1573 1302 
1764 788 185 
1585 1514 1010 
2057 2030 1031 
272 983 439 
764 1198 498 
1722 1299 960 
730 118 1353 
1804 1924 1071 
492 663 536 
1725 1029 1506 
552 1878 941 
54 1316 1576 
1003 1020 1372 
2035 33 1698 
894 1661 1722 
1383 1697 1944 
1698 33 510 
1736 172 1867 
1010 616 840 
807 2007 232 
765 724 169 
1956 1266 1343 
111 848 74 
456 1371 1987 
1661 1316 1062 
370 2029 251 
663 565 1227 
611 776 1555 
1860 1232 37 
703 1160 659 
492 1142 1554 
590 447 1185 
1370 1987 543 
1822 279 2052 
146 103 663 
1542 786 1078 
54 2029 370 
1479 1658 1893 
1156 614 850 
1506 1081 1754 
316 247 1346 
1134 1274 1630 
1151 921 1222 
598 786 1804 
1268 1706 2003 
91 1507 1662 
174 1725 714 
1973 621 1688 
74 1456 761 
877 661 1331 
1611 1887 161 
1778 1768 1075 
18 983 497 
1152 318 1506 
1933 649 762 
1294 237 804 
1603 1377 828 
421 131 1541 
717 1694 427 
934 1440 1647 
1315 1524 817 
1860 1299 358 
484 745 864 
46 1684 704 
1435 1674 1885 
1287 200 1164 
596 1306 1632 
261 1797 1507 
1288 447 1585 
1697 987 775 
1798 1092 1781 
46 696 1721 
122 1216 737 
1644 1803 685 
498 793 1427 
525 1803 1449 
969 149 972 
1722 125 1674 
69 848 772 
1181 449 1358 
1007 1538 441 
679 970 1725 
342 1178 1350 
199 741 2055 
1694 691 1075 
80 434 1921 
1271 1718 1820 
2016 1349 483 
934 1758 577 
1691 174 736 
269 1485 394 
1018 847 2060 
843 244 1435 
545 874 146 
1534 906 821 
1722 1264 1702 
1660 443 1620 
282 443 104 
1308 1749 1346 
941 534 143 
23 1620 265 
945 552 941 
1647 1596 1671 
1691 616 970 
1065 1626 878 
1060 1184 1157 
707 364 1427 
1659 585 1858 
1077 1806 1711 
1939 889 282 
1122 1894 254 
1354 1811 1030 
484 1494 1705 
533 67 964 
555 106 978 
174 1877 584 
413 1045 22 
1152 1506 874 
1498 336 872 
1985 1151 921 
1383 5 1070 
1170 1725 1506 
1718 969 443 
1938 1456 293 
536 1819 1654 
325 1984 60 
980 523 240 
1147 2064 502 
962 1457 681 
482 1706 876 
1794 1887 1341 
1198 1503 1984 
1227 551 565 
118 1820 2017 
802 1355 146 
941 69 1607 
100 282 1772 
1423 558 833 
1628 1303 63 
1749 143 69 
1628 1059 1826 
1302 822 1495 
1437 1777 261 
219 634 381 
1585 1767 280 
2016 1054 1432 
246 2006 903 
429 230 1329 
232 1142 839 
73 174 1670 
1859 1461 1376 
1160 1781 1314 
1778 1842 1036 
1975 1910 634 
165 282 497 
1514 1001 253 
1392 1539 813 
1715 1900 1809 
894 1680 900 
158 1721 1485 
1314 1973 1198 
1510 625 1421 
1858 1248 61 
1749 25 330 
774 915 1573 
426 1076 1268 
1617 881 157 
100 1631 1440 
551 1693 858 
1355 767 807 
941 1268 1820 
237 1294 28 
246 1316 1820 
1219 924 673 
1286 1307 850 
1687 1595 1316 
675 978 1710 
730 25 1538 
1841 526 172 
1365 1970 1390 
608 1391 765 
743 1122 765 
771 958 347 
883 1087 1096 
1367 478 1097 
142 1174 921 
341 380 601 
1739 1296 1643 
906 1207 238 
1479 969 987 
1349 934 1188 
843 725 1415 
1010 1222 735 
378 302 1826 
1336 1674 1226 
1727 1695 1852 
4 1851 523 
435 501 939 
1 319 203 
1173 978 1016 
1712 1582 1423 
878 1865 1229 
125 1248 734 
2017 920 408 
72 6 847 
586 1852 1856 
565 1554 232 
1010 1617 2006 
1654 1751 1152 
1570 1294 804 
725 960 824 
574 1349 1899 
1999 1551 1615 
1697 1499 481 
724 1174 2060 
1006 74 1154 
1250 1041 1502 
1307 807 1246 
1095 1200 532 
357 1451 147 
1471 516 570 
1043 1945 104 
848 711 195 
585 34 690 
1300 1393 537 
232 839 1455 
1878 1191 768 
1127 417 1904 
1376 492 1554 
51 1281 1635 
442 1703 1200 
484 745 695 
123 1662 1741 
839 187 1942 
1896 1797 634 
1949 75 454 
1626 601 1846 
1455 625 858 
1112 1780 465 
567 1255 1184 
1627 1083 1269 
1029 1506 750 
1828 1046 1432 
233 330 1240 
592 1331 640 
737 628 159 
1255 681 1954 
1446 1079 1438 
1617 840 586 
842 28 430 
2008 816 1014 
1234 1684 257 
133 1531 1916 
1267 1844 4 
1524 100 1603 
1475 1787 385 
1833 995 939 
1723 138 463 
1276 294 1137 
1845 1826 54 
1664 496 2027 
1154 5 848 
1948 1709 32 
251 2061 1271 
1736 951 1723 
1981 1326 1948 
1706 1763 973 
791 894 202 
737 1672 1324 
903 441 1820 
426 1769 1268 
1683 96 1597 
1117 1045 134 
821 1362 727 
1450 613 1195 
23 1620 1585 
13 387 637 
1688 1566 381 
246 1316 1030 
167 1993 1029 
817 1284 964 
27 46 1153 
1516 1573 463 
1641 1097 1325 
951 897 1903 
1676 1273 308 
254 1899 804 
202 728 1679 
1151 1222 187 
1541 534 452 
1284 47 905 
1949 502 584 
4 1768 291 
161 1096 381 
1826 1805 1921 
468 1784 1949 
707 1555 1987 
566 1444 1666 
1736 172 707 
974 625 802 
563 1122 115 
257 1985 577 
5 223 894 
1154 2061 1628 
1154 1406 330 
1866 1905 1886 
995 50 1489 
956 2050 1366 
125 1060 1184 
787 1764 165 
1641 1170 475 
1250 326 553 
734 552 125 
600 1165 1848 
1729 1472 1438 
1751 1620 1905 
111 64 848 
534 1954 458 
977 1848 1903 
1489 1939 1852 
5 242 894 
586 1171 4 
543 2027 1370 
1133 1741 940 
1042 1612 171 
1894 1899 254 
1495 426 88 
934 1140 1758 
534 732 2065 
761 1408 1457 
2025 577 1985 
1516 1443 1045 
987 1383 1826 
125 941 1060 
385 888 871 
835 53 1599 
1912 822 1383 
736 616 140 
924 2041 1219 
1806 25 73 
1763 1706 197 
932 1342 1802 
1306 1138 1034 
536 101 1894 
1620 1613 1736 
1016 94 1365 
1010 396 1937 
523 529 1079 
207 34 1487 
1203 143 1130 
542 1756 1097 
164 1702 1043 
165 1976 556 
1803 1200 71 
822 1383 34 
736 616 1708 
555 42 832 
1191 1477 1248 
1733 796 644 
634 840 282 
2007 522 187 
1692 1617 840 
939 77 1939 
667 103 146 
1528 1718 1196 
589 238 1444 
1219 706 1975 
361 890 172 
1620 1514 298 
1263 1143 275 
645 1712 1802 
1820 817 1829 
1530 2016 593 
100 74 1772 
1079 1585 1633 
1751 1479 14 
1642 1449 1175 
840 253 1761 
958 200 983 
1349 1684 904 
436 1175 1747 
1529 1503 1127 
1072 315 307 
46 978 37 
1741 1673 1298 
1102 1440 1985 
772 1479 534 
1693 1269 1083 
1756 1528 1607 
1134 1630 1503 
1292 251 370 
1483 329 1641 
1134 776 575 
1976 912 1725 
1722 1226 1465 
596 697 1383 
167 874 1993 
586 32 1948 
1226 526 534 
523 829 1633 
336 949 973 
1174 1684 318 
663 1083 1142 
2040 1768 291 
1909 1461 1936 
606 1003 276 
841 149 1293 
1206 545 1097 
849 1250 897 
1586 1070 817 
984 1271 876 
738 1231 1878 
1498 1585 114 
1828 1683 1597 
553 1723 1841 
1809 1669 790 
1582 1558 606 
1706 70 469 
1198 1547 1092 
951 1076 1502 
1695 1939 1727 
1826 1816 1628 
541 575 455 
1178 497 769 
1370 110 1887 
378 894 1121 
1816 1384 1102 
941 1599 1184 
1596 556 1672 
1126 378 578 
1700 729 2034 
1993 1528 1663 
737 302 1826 
265 1695 1767 
1143 1507 1386 
1712 1765 1698 
745 1510 695 
894 1662 1097 
303 191 292 
1015 1721 1572 
1291 1756 407 
1602 1222 582 
1768 2040 717 
1573 326 553 
741 239 1097 
16 988 1708 
1851 529 1381 
634 243 1662 
1440 672 1471 
484 1705 745 
493 565 1693 
1289 1102 1921 
1816 1849 1628 
242 479 2055 
1529 1503 1127 
26 1049 1582 
1679 1960 1190 
964 1045 495 
1826 1632 1805 
1160 1781 1547 
88 502 1039 
959 987 1912 
132 574 851 
1503 1087 2058 
542 140 1806 
1672 934 1440 
1087 1781 2008 
448 381 1555 
207 1727 34 
1289 934 257 
1552 4 77 
1695 1479 2047 
1896 776 219 
250 1977 403 
903 14 1268 
479 1353 1474 
1797 809 389 
1386 1506 1507 
405 1336 1798 
840 61 1655 
159 737 1653 
257 934 1772 
1534 2038 19 
1858 1363 1659 
905 1498 134 
501 1446 382 
581 1459 1446 
1220 453 55 
7 1585 558 
608 804 1894 
1325 407 426 
1706 1452 1267 
446 1836 673 
1062 1303 1826 
1529 1503 1198 
42 832 605 
1929 1764 788 
1406 1479 876 
175 180 2065 
1026 754 1976 
1741 956 1650 
1630 1274 674 
5 287 953 
1861 1107 1007 
1059 1349 1276 
181 1232 934 
540 1896 1691 
1758 960 721 
424 66 545 
663 1246 582 
159 589 1067 
1941 1306 596 
125 1857 2061 
148 1641 410 
1608 455 1055 
203 1732 480 
820 2004 1739 
1513 61 1750 
921 1222 187 
750 1506 1976 
251 46 696 
848 894 1006 
1513 558 1918 
497 1554 663 
125 738 1479 
1206 969 1121 
1749 330 1526 
1689 1092 1781 
330 25 1159 
1395 2055 1389 
454 953 1135 
1985 1636 1287 
564 946 600 
848 1046 1722 
484 527 565 
1316 1062 1722 
963 433 1668 
1506 754 1641 
267 239 1489 
440 1998 958 
832 891 1276 
1222 1151 921 
1761 353 309 
310 1383 1140 
1666 552 734 
497 1056 282 
704 94 1721 
565 232 1693 
1479 1121 14 
18 2003 1585 
1554 807 565 
125 1674 1226 
1561 447 590 
858 801 1230 
1826 251 1541 
1404 167 1506 
763 212 573 
429 1378 1089 
990 378 1499 
1797 601 346 
848 1154 1255 
1045 1736 1111 
1097 1774 1516 
642 1725 1029 
478 407 1620 
1984 60 764 
1628 1541 1241 
1860 458 63 
1787 34 1479 
1180 1696 1698 
876 1130 1936 
1634 1222 1647 
1433 1294 1496 
100 1528 1227 
1151 921 577 
785 502 2055 
416 152 2017 
1653 1402 1303 
1276 1432 1593 
1960 125 64 
553 1516 463 
741 1585 704 
1391 663 492 
737 1207 94 
1861 939 952 
316 1346 1638 
79 806 971 
159 601 1276 
610 717 735 
1151 921 1986 
1820 25 796 
1480 878 1925 
1553 117 918 
1704 1184 1613 
551 510 659 
1107 2003 1268 
429 1677 159 
493 1554 839 
1184 1599 125 
884 577 1234 
453 686 1297 
884 257 1684 
1303 1681 596 
421 1483 64 
1826 1306 318 
1465 4 1635 
255 1475 223 
876 1936 233 
1628 1199 1322 
611 707 1279 
252 1704 1465 
1384 1264 1193 
1346 502 584 
1142 1554 492 
1329 1826 1018 
1703 125 941 
695 484 864 
1466 1608 944 
126 571 253 
150 1923 1687 
1299 1046 1467 
1999 109 845 
848 1680 54 
934 440 1188 
494 1315 1327 
1962 756 1456 
1774 506 149 
1769 1537 1315 
1381 1079 1851 
1502 2027 1664 
878 1173 1002 
728 1722 1703 
1919 548 2055 
1744 1291 1663 
1826 203 55 
1695 1030 586 
2056 1835 77 
1316 199 1876 
953 894 444 
327 243 837 
1121 282 443 
817 584 1367 
897 252 1243 
1010 1513 1852 
1021 588 558 
876 1043 1495 
1557 1973 1979 
1893 1268 903 
200 667 1563 
1078 115 1197 
1747 353 942 
239 74 100 
1465 1948 2014 
1803 1761 1910 
47 1117 3 
749 630 1498 
733 100 908 
496 163 338 
330 1820 286 
1222 1976 750 
914 46 1507 
1984 60 804 
1269 582 1712 
948 90 1538 
261 1429 1065 
548 586 1030 
565 276 1083 
1066 207 1727 
1755 769 73 
59 1156 1864 
884 1234 1684 
777 1767 1469 
1878 607 1975 
1574 174 841 
1617 799 840 
2016 1016 1977 
876 233 1706 
1119 911 1964 
1637 1628 1816 
696 704 37 
1498 964 897 
386 1456 1316 
1226 252 192 
939 1876 1722 
1645 2015 266 
1427 161 1127 
1753 984 125 
1255 1674 848 
1174 1289 1593 
1820 1395 774 
801 1802 1372 
833 649 1696 
608 976 1122 
1984 1198 1570 
1585 1944 1150 
1615 1674 277 
458 771 1200 
1528 1407 1756 
1027 1316 1097 
1141 1802 86 
746 313 1208 
2001 1633 1803 
711 772 768 
469 584 1706 
1287 345 1232 
433 847 398 
1751 1670 265 
100 1006 848 
1949 903 1346 
109 1554 565 
1835 995 1456 
1852 1514 903 
1513 1806 1097 
2031 1026 1985 
573 682 592 
934 1641 181 
1315 353 255 
685 1692 128 
848 1006 1457 
558 1121 833 
385 282 443 
959 1275 1410 
1092 1781 703 
1758 1029 142 
596 678 54 
161 1891 1979 
1524 41 887 
978 704 321 
1588 1368 1593 
250 904 1683 
174 736 1206 
626 405 495 
1089 2047 31 
1006 1772 497 
1122 976 536 
403 1276 250 
667 663 1506 
1772 125 894 
402 1366 580 
1672 978 1098 
1162 1498 964 
1446 2032 989 
565 659 1554 
405 1688 739 
848 74 655 
1785 542 1206 
208 1975 324 
1422 464 1045 
1523 1627 146 
1042 818 840 
1503 60 1127 
639 969 2017 
62 1845 1613 
1852 165 282 
728 1857 1356 
705 1805 878 
1668 37 921 
2028 53 1405 
1184 1674 941 
14 1660 1302 
494 1315 1633 
1473 1097 415 
1161 330 591 
1446 198 693 
920 690 1356 
1095 532 513 
891 1795 581 
905 1117 56 
1930 851 1067 
324 785 395 
1021 1996 1064 
1573 1516 463 
564 1165 31 
616 1725 1691 
568 192 1000 
1986 818 921 
1268 426 1526 
497 73 1206 
1480 540 1878 
667 663 726 
423 357 507 
1018 1677 1641 
1785 1316 1097 
1687 1252 1624 
868 75 880 
416 822 271 
1607 1849 884 
805 523 246 
285 877 592 
253 18 282 
799 1617 207 
1721 250 243 
1229 1098 106 
1810 1232 593 
1427 926 224 
1683 1597 352 
24 1664 1262 
1702 984 552 
787 497 100 
1914 312 156 
1029 1506 912 
1709 1800 2023 
615 1018 200 
1162 591 578 
2029 449 1797 
1736 2010 361 
1708 642 988 
140 1972 616 
1170 1641 1506 
323 545 1078 
429 1843 1720 
226 1911 159 
1737 407 1953 
175 603 1963 
934 1102 1114 
948 841 729 
387 1375 1024 
565 1083 1142 
298 1001 1736 
579 1253 123 
1151 921 1991 
844 302 1341 
1608 98 849 
553 1516 526 
1591 1585 941 
1802 1747 211 
613 1654 945 
90 1188 1506 
848 1361 100 
1312 1232 698 
973 1763 1006 
1820 199 73 
1711 1255 1316 
919 1272 1899 
143 1757 1706 
1679 1595 920 
1054 1289 1930 
1865 230 1415 
681 1475 1852 
397 659 510 
1066 265 1695 
1207 978 315 
1651 1206 1006 
1509 1641 1391 
1802 645 1833 
1822 1715 391 
1893 14 903 
1474 443 282 
1904 680 1420 
254 1894 1899 
586 1727 1603 
1322 577 1266 
776 1630 1974 
532 132 434 
287 733 1718 
542 1940 584 
1475 1121 935 
2008 1099 161 
1703 1715 1900 
159 561 1826 
1260 1409 1315 
1662 324 894 
1821 790 391 
1601 1653 1816 
3 287 1787 
858 839 2007 
330 876 25 
422 1290 1686 
1878 415 1281 
134 1090 1516 
804 1294 1984 
1207 821 123 
18 74 100 
191 1878 1581 
440 1758 1176 
953 1456 5 
704 1721 1298 
1435 352 697 
965 734 1541 
805 911 1316 
255 1661 128 
958 101 1122 
1514 426 1585 
96 403 1303 
1435 449 1153 
1243 1704 1465 
282 586 156 
1894 1899 919 
5 1239 1692 
1514 1619 1136 
1440 1985 1234 
1999 1867 1736 
1250 1502 1608 
903 1403 1537 
1480 31 449 
1013 436 1713 
972 514 1383 
574 1812 399 
1066 282 1006 
2015 1775 911 
100 1772 74 
584 478 1892 
453 1662 381 
1761 1803 1374 
25 972 330 
1097 728 1703 
1664 1262 2057 
1852 1482 84 
171 1804 1324 
33 1693 1083 
62 54 114 
76 109 1999 
790 666 612 
2061 987 777 
27 914 747 
1620 253 100 
1878 734 1898 
1281 759 1223 
208 1417 1393 
330 25 591 
73 1680 104 
77 291 1861 
1841 811 526 
1621 394 1326 
2040 1036 4 
894 1255 2061 
1938 469 681 
403 250 891 
1672 2005 1061 
880 1438 1446 
79 75 1692 
1001 1620 1401 
73 1820 769 
1723 464 1848 
465 1030 2006 
1065 891 561 
414 945 1071 
858 1227 551 
435 691 1694 
1315 1893 426 
1504 1647 1626 
764 1647 918 
353 1175 1374 
1176 1266 1174 
628 1313 1777 
1619 1228 256 
324 1817 1860 
2029 1800 61 
208 1015 1417 
1154 1475 953 
1688 637 1973 
2043 934 407 
1241 1628 1344 
984 322 655 
123 978 94 
848 1787 74 
545 874 750 
313 228 519 
758 1984 1812 
1076 944 1623 
420 6 321 
2054 1605 161 
1483 1486 1276 
25 1159 233 
1841 360 942 
1324 1447 90 
1628 1297 697 
32 1948 1030 
752 1912 1998 
125 876 848 
1736 1752 376 
1860 1062 578 
387 1433 1400 
543 569 1987 
819 380 878 
715 988 1756 
1073 1950 1337 
1736 172 464 
71 483 1347 
798 1797 959 
1102 181 1289 
1012 403 352 
1479 1513 1030 
1673 963 402 
1697 221 92 
483 1637 162 
1761 309 1175 
737 599 878 
1021 729 1756 
561 737 832 
147 852 62 
1541 984 1253 
253 908 571 
1841 1723 98 
172 1736 344 
1267 1674 114 
901 737 2005 
739 381 1503 
454 729 1646 
1123 387 1556 
1164 2050 1961 
464 300 1867 
620 1537 1403 
1793 2029 658 
2039 1539 200 
1888 1511 1559 
1637 1720 1506 
1981 1596 735 
1705 864 484 
1184 941 1226 
1693 1183 649 
1975 596 1058 
1530 1312 264 
878 341 561 
1096 776 1503 
1374 1643 1652 
352 1232 199 
1758 440 772 
539 1751 87 
74 100 239 
688 1294 1551 
1133 1650 1741 
711 125 376 
704 1956 1721 
1822 1900 790 
1820 25 1268 
1656 1125 108 
1621 290 1323 
519 136 1238 
840 1617 1010 
762 765 2036 
1329 1500 821 
574 264 347 
1310 817 1316 
581 1658 1119 
105 735 1366 
102 250 162 
1962 1574 40 
1111 1336 626 
261 94 878 
179 1953 318 
1248 1661 607 
1272 1899 200 
1307 850 659 
803 1345 596 
361 1156 1999 
749 1087 1529 
164 303 552 
499 1654 1912 
1209 1718 152 
860 2008 685 
1402 2005 1636 
1662 238 394 
327 1390 243 
1936 876 591 
1290 234 2002 
1489 507 267 
1141 988 1342 
1491 1689 1532 
1514 1268 1893 
1767 717 1655 
2065 1627 318 
1229 1677 1137 
1807 1404 919 
198 174 714 
1613 23 908 
96 1970 1457 
562 1222 123 
444 507 305 
1013 787 1301 
1006 1990 1066 
1720 1404 1483 
1861 1722 1876 
1442 1758 593 
1751 1268 385 
1154 768 1898 
1479 972 14 
1631 507 5 
1771 14 1526 
1125 1836 269 
590 983 73 
1553 203 764 
1797 737 251 
1469 1043 2003 
897 1213 1869 
233 922 534 
1700 1662 238 
1910 343 1310 
1055 1134 575 
1371 569 1987 
578 856 690 
960 63 596 
1680 73 972 
2040 1842 548 
533 1784 588 
1323 577 264 
1573 1516 1395 
1736 114 252 
840 2006 1617 
441 888 1910 
1062 537 1259 
1732 877 1298 
655 876 70 
518 878 302 
933 1802 115 
1450 1162 56 
319 90 1065 
607 1997 408 
1641 1404 1677 
1585 5 1662 
543 569 707 
1197 1097 1654 
1108 1353 1475 
1826 1303 203 
1499 1514 977 
762 33 565 
352 2016 1046 
695 745 1082 
130 1320 1000 
911 779 1030 
833 1802 1269 
1703 1898 1356 
697 749 413 
1828 433 1366 
299 1695 4 
663 1142 1246 
1083 565 276 
1079 1315 903 
463 98 1427 
1016 605 1464 
100 1178 165 
707 793 1198 
876 1406 1407 
1453 1200 661 
382 1643 1761 
817 924 785 
1702 1477 961 
146 667 1670 
659 337 1999 
1457 1679 1876 
444 18 435 
94 307 1797 
695 59 1082 
1227 565 667 
1046 978 1601 
60 1529 1503 
574 1484 132 
263 729 1383 
685 299 983 
1323 238 570 
1725 1666 642 
1626 737 203 
894 647 303 
114 959 890 
732 987 443 
1657 1471 433 
980 829 266 
1654 1195 118 
1866 908 1381 
1267 1031 1841 
565 484 1167 
1180 551 649 
1381 1079 1851 
1081 410 109 
249 1076 1514 
132 1095 851 
1200 2055 851 
950 732 1321 
1119 516 933 
976 101 1122 
1586 1062 1019 
1620 1585 1950 
385 1695 282 
1691 174 616 
1370 1979 1055 
1506 1097 983 
1370 569 340 
1174 1671 290 
323 726 874 
379 1530 980 
1852 1475 838 
32 953 242 
720 1365 2016 
174 97 736 
1227 1693 565 
2061 894 1702 
1516 1573 1466 
1824 1861 1367 
747 720 1942 
1061 1207 1978 
1774 1492 2017 
1121 86 7 
1309 199 655 
1550 33 2035 
302 380 1544 
1222 1151 921 
933 1654 478 
600 1165 1226 
1083 33 884 
1324 517 1641 
872 710 1997 
150 1252 1769 
1371 456 117 
1628 1816 1289 
1107 903 1852 
736 970 616 
592 598 640 
264 399 919 
1630 1134 1279 
587 22 1123 
1440 1985 257 
164 1661 1820 
290 1326 1621 
735 105 704 
1820 1367 401 
1142 29 1083 
599 1229 596 
174 1787 5 
734 552 1356 
881 838 1617 
426 983 1516 
1284 1097 1031 
998 597 1143 
1806 191 447 
330 286 421 
877 1846 1331 
934 1323 1758 
2066 1713 2063 
1502 1250 849 
458 1435 91 
1846 589 598 
1385 1173 1626 
878 737 747 
564 946 1606 
737 1626 878 
1255 202 1066 
175 1287 1637 
261 1346 406 
518 704 1128 
1558 29 1539 
1662 408 453 
1122 1951 101 
634 1700 584 
1761 634 165 
1242 1371 739 
790 1808 1900 
193 1820 1654 
1156 671 184 
169 1636 1287 
736 970 140 
1188 1287 175 
1046 812 1166 
727 821 490 
571 1119 1107 
1973 1160 680 
805 1820 1316 
542 1123 499 
2067 2040 367 
1307 850 1421 
98 405 52 
357 422 852 
1991 737 123 
1512 1239 75 
143 738 732 
1701 323 715 
502 1573 1302 
1764 788 185 
1585 1514 1010 
2057 2030 1031 
272 983 439 
764 1198 498 
1722 1299 960 
730 118 1353 
1804 1924 1071 
492 663 536 
1725 1029 1506 
552 1878 941 
54 1316 1576 
1003 1020 1372 
2035 33 1698 
894 1661 1722 
1383 1697 1944 
1698 33 510 
1736 172 1867 
1010 616 840 
807 2007 232 
765 724 169 
1956 1266 1343 
111 848 74 
456 1371 1987 
1661 1316 1062 
370 2029 251 
663 565 1227 
611 776 1555 
1860 1232 37 
703 1160 659 
492 1142 1554 
590 447 1185 
1370 1987 543 
1822 279 2052 
146 103 663 
1542 786 1078 
54 2029 370 
1479 1658 1893 
1156 614 850 
1506 1081 1754 
316 247 1346 
1134 1274 1630 
1151 921 1222 
598 786 1804 
1268 1706 2003 
91 1507 1662 
174 1725 714 
1973 621 1688 
74 1456 761 
877 661 1331 
1611 1887 161 
1778 1768 1075 
18 983 497 
1152 318 1506 
1933 649 762 
1294 237 804 
1603 1377 828 
421 131 1541 
717 1694 427 
934 1440 1647 
1315 1524 817 
1860 1299 358 
484 745 864 
46 1684 704 
1435 1674 1885 
1287 200 1164 
596 1306 1632 
261 1797 1507 
1288 447 1585 
1697 987 775 
1798 1092 1781 
46 696 1721 
122 1216 737 
1644 1803 685 
498 793 1427 
525 1803 1449 
969 149 972 
1722 125 1674 
69 848 772 
1181 449 1358 
1007 1538 441 
679 970 1725 
342 1178 1350 
199 741 2055 
1694 691 1075 
80 434 1921 
1271 1718 1820 
2016 1349 483 
934 1758 577 
1691 174 736 
269 1485 394 
1018 847 2060 
843 244 1435 
545 874 146 
1534 906 821 
1722 1264 1702 
1660 443 1620 
282 443 104 
1308 1749 1346 
941 534 143 
23 1620 265 
945 552 941 
1647 1596 1671 
1691 616 970 
1065 1626 878 
1060 1184 1157 
707 364 1427 
1659 585 1858 
1077 1806 1711 
1939 889 282 
1122 1894 254 
1354 1811 1030 
484 1494 1705 
533 67 964 
555 106 978 
174 1877 584 
413 1045 22 
1152 1506 874 
1498 336 872 
1985 1151 921 
1383 5 1070 
1170 1725 1506 
1718 969 443 
1938 1456 293 
536 1819 1654 
325 1984 60 
980 523 240 
1147 2064 502 
962 1457 681 
482 1706 876 
1794 1887 1341 
1198 1503 1984 
1227 551 565 
118 1820 2017 
802 1355 146 
941 69 1607 
100 282 1772 
1423 558 833 
1628 1303 63 
1749 143 69 
1628 1059 1826 
1302 822 1495 
1437 1777 261 
219 634 381 
1585 1767 280 
2016 1054 1432 
246 2006 903 
429 230 1329 
232 1142 839 
73 174 1670 
1859 1461 1376 
1160 1781 1314 
1778 1842 1036 
1975 1910 634 
165 282 497 
1514 1001 253 
1392 1539 813 
1715 1900 1809 
894 1680 900 
158 1721 1485 
1314 1973 1198 
1510 625 1421 
1858 1248 61 
1749 25 330 
774 915 1573 
426 1076 1268 
1617 881 157 
100 1631 1440 
551 1693 858 
1355 767 807 
941 1268 1820 
237 1294 28 
246 1316 1820 
1219 924 673 
1286 1307 850 
1687 1595 1316 
675 978 1710 
730 25 1538 
1841 526 172 
1365 1970 1390 
608 1391 765 
743 1122 765 
771 958 347 
883 1087 1096 
1367 478 1097 
142 1174 921 
341 380 601 
1739 1296 1643 
906 1207 238 
1479 969 987 
1349 934 1188 
843 725 1415 
1010 1222 735 
378 302 1826 
1336 1674 1226 
1727 1695 1852 
4 1851 523 
435 501 939 
1 319 203 
1173 978 1016 
1712 1582 1423 
878 1865 1229 
125 1248 734 
2017 920 408 
72 6 847 
586 1852 1856 
565 1554 232 
1010 1617 2006 
1654 1751 1152 
1570 1294 804 
725 960 824 
574 1349 1899 
1999 1551 1615 
1697 1499 481 
724 1174 2060 
1006 74 1154 
1250 1041 1502 
1307 807 1246 
1095 1200 532 
357 1451 147 
1471 516 570 
1043 1945 104 
848 711 195 
585 34 690 
1300 1393 537 
232 839 1455 
1878 1191 768 
1127 417 1904 
1376 492 1554 
51 1281 1635 
442 1703 1200 
484 745 695 
123 1662 1741 
839 187 1942 
1896 1797 634 
1949 75 454 
1626 601 1846 
1455 625 858 
1112 1780 465 
567 1255 1184 
1627 1083 1269 
1029 1506 750 
1828 1046 1432 
233 330 1240 
592 1331 640 
737 628 159 
1255 681 1954 
1446 1079 1438 
1617 840 586 
842 28 430 
2008 816 1014 
1234 1684 257 
133 1531 1916 
1267 1844 4 
1524 100 1603 
1475 1787 385 
1833 995 939 
1723 138 463 
1276 294 1137 
1845 1826 54 
1664 496 2027 
1154 5 848 
1948 1709 32 
251 2061 1271 
1736 951 1723 
1981 1326 1948 
1706 1763 973 
791 894 202 
737 1672 1324 
903 441 1820 
426 1769 1268 
1683 96 1597 
1117 1045 134 
821 1362 727 
1450 613 1195 
23 1620 1585 
13 387 637 
1688 1566 381 
246 1316 1030 
167 1993 1029 
817 1284 964 
27 46 1153 
1516 1573 463 
1641 1097 1325 
951 897 1903 
1676 1273 308 
254 1899 804 
202 728 1679 
1151 1222 187 
1541 534 452 
1284 47 905 
1949 502 584 
4 1768 291 
161 1096 381 
1826 1805 1921 
468 1784 1949 
707 1555 1987 
566 1444 1666 
1736 172 707 
974 625 802 
563 1122 115 
257 1985 577 
5 223 894 
1154 2061 1628 
1154 1406 330 
1866 1905 1886 
995 50 1489 
956 2050 1366 
125 1060 1184 
787 1764 165 
1641 1170 475 
1250 326 553 
734 552 125 
600 1165 1848 
1729 1472 1438 
1751 1620 1905 
111 64 848 
534 1954 458 
977 1848 1903 
1489 1939 1852 
5 242 894 
586 1171 4 
543 2027 1370 
1133 1741 940 
1042 1612 171 
1894 1899 254 
1495 426 88 
934 1140 1758 
534 732 2065 
761 1408 1457 
2025 577 1985 
1516 1443 1045 
987 1383 1826 
125 941 1060 
385 888 871 
835 53 1599 
1912 822 1383 
736 616 140 
924 2041 1219 
1806 25 73 
1763 1706 197 
932 1342 1802 
1306 1138 1034 
536 101 1894 
1620 1613 1736 
1016 94 1365 
1010 396 1937 
523 529 1079 
207 34 1487 
1203 143 1130 
542 1756 1097 
164 1702 1043 
165 1976 556 
1803 1200 71 
822 1383 34 
736 616 1708 
555 42 832 
1191 1477 1248 
1733 796 644 
634 840 282 
2007 522 187 
1692 1617 840 
939 77 1939 
667 103 146 
1528 1718 1196 
589 238 1444 
1219 706 1975 
361 890 172 
1620 1514 298 
1263 1143 275 
645 1712 1802 
1820 817 1829 
1530 2016 593 
100 74 1772 
1079 1585 1633 
1751 1479 14 
1642 1449 1175 
840 253 1761 
958 200 983 
1349 1684 904 
436 1175 1747 
1529 1503 1127 
1072 315 307 
46 978 37 
1741 1673 1298 
1102 1440 1985 
772 1479 534 
1693 1269 1083 
1756 1528 1607 
1134 1630 1503 
1292 251 370 
1483 329 1641 
1134 776 575 
1976 912 1725 
1722 1226 1465 
596 697 1383 
167 874 1993 
586 32 1948 
1226 526 534 
523 829 1633 
336 949 973 
1174 1684 318 
663 1083 1142 
2040 1768 291 
1909 1461 1936 
606 1003 276 
841 149 1293 
1206 545 1097 
849 1250 897 
1586 1070 817 
984 1271 876 
738 1231 1878 
1498 1585 114 
1828 1683 1597 
553 1723 1841 
1809 1669 790 
1582 1558 606 
1706 70 469 
1198 1547 1092 
951 1076 1502 
1695 1939 1727 
1826 1816 1628 
541 575 455 
1178 497 769 
1370 110 1887 
378 894 1121 
1816 1384 1102 
941 1599 1184 
1596 556 1672 
1126 378 578 
1700 729 2034 
1993 1528 1663 
737 302 1826 
265 1695 1767 
1143 1507 1386 
1712 1765 1698 
745 1510 695 
894 1662 1097 
303 191 292 
1015 1721 1572 
1291 1756 407 
1602 1222 582 
1768 2040 717 
1573 326 553 
741 239 1097 
16 988 1708 
1851 529 1381 
634 243 1662 
1440 672 1471 
484 1705 745 
493 565 1693 
1289 1102 1921 
1816 1849 1628 
242 479 2055 
1529 1503 1127 
26 1049 1582 
1679 1960 1190 
964 1045 495 
1826 1632 1805 
1160 1781 1547 
88 502 1039 
959 987 1912 
132 574 851 
1503 1087 2058 
542 140 1806 
1672 934 1440 
1087 1781 2008 
448 381 1555 
207 1727 34 
1289 934 257 
1552 4 77 
1695 1479 2047 
1896 776 219 
250 1977 403 
903 14 1268 
479 1353 1474 
1797 809 389 
1386 1506 1507 
405 1336 1798 
840 61 1655 
159 737 1653 
257 934 1772 
1534 2038 19 
1858 1363 1659 
905 1498 134 
501 1446 382 
581 1459 1446 
1220 453 55 
7 1585 558 
608 804 1894 
1325 407 426 
1706 1452 1267 
446 1836 673 
1062 1303 1826 
1529 1503 1198 
42 832 605 
1929 1764 788 
1406 1479 876 
175 180 2065 
1026 754 1976 
1741 956 1650 
1630 1274 674 
5 287 953 
1861 1107 1007 
1059 1349 1276 
181 1232 934 
540 1896 1691 
1758 960 721 
424 66 545 
663 1246 582 
159 589 1067 
1941 1306 596 
125 1857 2061 
148 1641 410 
1608 455 1055 
203 1732 480 
820 2004 1739 
1513 61 1750 
921 1222 187 
750 1506 1976 
251 46 696 
848 894 1006 
1513 558 1918 
497 1554 663 
125 738 1479 
1206 969 1121 
1749 330 1526 
1689 1092 1781 
330 25 1159 
1395 2055 1389 
454 953 1135 
1985 1636 1287 
564 946 600 
848 1046 1722 
484 527 565 
1316 1062 1722 
963 433 1668 
1506 754 1641 
267 239 1489 
440 1998 958 
832 891 1276 
1222 1151 921 
1761 353 309 
310 1383 1140 
1666 552 734 
497 1056 282 
704 94 1721 
565 232 1693 
1479 1121 14 
18 2003 1585 
1554 807 565 
125 1674 1226 
1561 447 590 
858 801 1230 
1826 251 1541 
1404 167 1506 
763 212 573 
429 1378 1089 
990 378 1499 
1797 601 346 
848 1154 1255 
1045 1736 1111 
1097 1774 1516 
642 1725 1029 
478 407 1620 
1984 60 764 
1628 1541 1241 
1860 458 63 
1787 34 1479 
1180 1696 1698 
876 1130 1936 
1634 1222 1647 
1433 1294 1496 
100 1528 1227 
1151 921 577 
785 502 2055 
416 152 2017 
1653 1402 1303 
1276 1432 1593 
1960 125 64 
553 1516 463 
741 1585 704 
1391 663 492 
737 1207 94 
1861 939 952 
316 1346 1638 
79 806 971 
159 601 1276 
610 717 735 
1151 921 1986 
1820 25 796 
1480 878 1925 
1553 117 918 
1704 1184 1613 
551 510 659 
1107 2003 1268 
429 1677 159 
493 1554 839 
1184 1599 125 
884 577 1234 
453 686 1297 
884 257 1684 
1303 1681 596 
421 1483 64 
1826 1306 318 
1465 4 1635 
255 1475 223 
876 1936 233 
1628 1199 1322 
611 707 1279 
252 1704 1465 
1384 1264 1193 
1346 502 584 
1142 1554 492 
1329 1826 1018 
1703 125 941 
695 484 864 
1466 1608 944 
126 571 253 
150 1923 1687 
1299 1046 1467 
1999 109 845 
848 1680 54 
934 440 1188 
494 1315 1327 
1962 756 1456 
1774 506 149 
1769 1537 1315 
1381 1079 1851 
1502 2027 1664 
878 1173 1002 
728 1722 1703 
1919 548 2055 