1744 1993 1222 
965 971 1148 
979 502 245 
1565 420 2032 
1852 1851 1476 
1756 444 1970 
832 1748 1817 
1756 1636 1222 
443 1192 170 
1717 409 894 
1010 20 887 
459 1161 1540 
55 1727 1862 
161 1557 931 
1315 1439 1260 
667 146 1802 
1737 309 1475 
1851 1761 1610 
23 1631 1711 
1465 1252 2048 
887 1010 1856 
895 1436 1600 
941 1498 329 
800 267 1234 
1357 965 1363 
1161 306 1308 
821 1026 1596 
1303 520 1241 
1798 1781 1156 
1980 582 1269 
691 1072 1027 
855 998 954 
581 1643 220 
1315 276 825 
416 218 1758 
1708 1851 73 
438 564 1203 
1647 1725 593 
900 2 8 
1393 1502 1930 
1239 1011 693 
556 398 142 
102 202 1464 
1818 1658 1315 
911 1850 1327 
583 998 1858 
1435 704 701 
862 1363 302 
483 435 1923 
1956 809 2038 
1687 2053 1348 
1093 1281 1472 
1841 626 1427 
1858 1001 1668 
848 402 1694 
12 1727 1855 
595 905 1878 
493 232 698 
833 1696 1003 
608 1122 278 
325 1127 758 
8 1878 170 
1757 1850 1970 
1860 482 1586 
1476 1064 577 
807 1286 1003 
1141 1889 1377 
1250 1586 1042 
362 1955 872 
1794 1337 101 
774 1257 1480 
85 1465 1072 
1513 837 786 
1338 1751 282 
1006 1528 1291 
1052 965 1331 
550 1156 536 
1333 1221 995 
87 205 517 
1783 723 610 
1255 848 1810 
380 446 573 
423 692 1098 
1204 1716 1804 
394 972 223 
1939 71 1465 
916 723 148 
78 903 205 
693 411 1275 
224 637 2008 
1001 459 1513 
785 1331 1303 
134 283 245 
2006 881 1617 
867 1836 775 
1203 583 101 
433 792 483 
1476 693 16 
595 1884 897 
1089 579 334 
257 1528 1440 
344 144 1894 
1276 250 1365 
996 659 850 
969 524 1783 
2025 1366 345 
1562 844 102 
1879 897 2018 
523 1422 1957 
1894 932 169 
381 161 1555 
577 1985 884 
1013 1056 733 
376 191 1393 
1422 1943 697 
1627 1980 582 
1002 1283 1921 
1087 758 512 
524 104 969 
143 1674 1121 
1708 282 1175 
240 768 647 
1805 1089 1263 
1133 821 157 
658 668 326 
1184 192 1374 
1331 1203 1302 
136 1492 1770 
1123 1122 1637 
755 514 2044 
1079 693 948 
488 1997 879 
1540 532 563 
894 297 798 
365 1838 2057 
1909 1037 1373 
837 434 1655 
998 1461 1064 
1071 1161 959 
1540 1001 2036 
1506 750 1993 
1340 127 1527 
818 1596 821 
306 1268 1159 
1621 1338 593 
1089 1480 1502 
667 645 996 
390 1121 1863 
912 593 1066 
886 1785 1203 
1252 1923 1773 
676 877 1884 
547 959 998 
379 126 2028 
797 1093 51 
1846 2049 1339 
1424 994 733 
818 799 2006 
114 1795 697 
8 133 676 
1169 1673 2031 
1555 1738 553 
1447 1683 1167 
1185 1917 1239 
1702 903 1577 
1761 838 16 
631 1918 1049 
1098 1754 423 
1876 723 851 
167 1382 726 
8 61 920 
251 1782 579 
1250 817 1041 
1893 298 980 
1972 1620 954 
1970 884 1691 
1013 1056 1260 
583 1059 95 
346 1860 844 
1506 1756 722 
912 148 1657 
1098 692 706 
1750 1897 157 
1203 153 1012 
1590 1141 1178 
2063 1750 1514 
1593 894 1717 
838 586 921 
1586 1513 959 
1218 373 138 
1250 738 1157 
337 1764 1839 
1918 515 282 
1161 1203 1895 
334 1322 1783 
1882 1990 1029 
435 436 386 
1699 527 1039 
1405 1358 894 
742 1431 1179 
1003 807 625 
1728 1260 1444 
401 761 1544 
1031 534 1586 
1878 1937 676 
1856 1222 1709 
397 254 216 
693 1925 818 
1858 1764 651 
1442 440 593 
1377 1029 985 
1712 1311 1372 
2057 2017 1822 
416 126 515 
1315 14 1060 
1812 764 1592 
1321 1376 1876 
1449 1942 717 
1758 1461 34 
1025 1134 1630 
1066 84 631 
1869 29 1372 
1248 1257 693 
1476 786 1758 
2008 1225 54 
1669 1715 1809 
1331 855 1930 
1476 980 73 
1544 1901 1422 
790 1809 1821 
1089 122 269 
540 1709 1216 
200 1164 1003 
1860 306 359 
1583 870 568 
1223 358 969 
446 1884 1916 
117 621 1087 
724 516 1758 
617 838 1182 
1031 806 1062 
604 1519 494 
31 977 584 
704 701 1955 
444 577 741 
965 1209 1045 
796 336 903 
1498 1680 1610 
1114 1509 510 
571 426 14 
102 697 549 
171 738 1805 
1027 1465 1902 
282 1647 1751 
1321 101 1203 
353 1855 1296 
1514 1947 1896 
1440 100 1234 
192 1513 188 
1031 1245 1466 
515 171 1124 
459 878 1522 
2020 723 1326 
514 1836 1967 
961 1473 1203 
282 1737 309 
1243 277 345 
1138 1528 1291 
67 1527 1125 
1586 419 416 
1174 1761 1603 
434 1789 1223 
491 506 1651 
537 832 259 
1476 1758 1381 
1331 1292 1917 
582 29 1980 
1072 166 2025 
2002 59 357 
1900 1822 1116 
992 255 1619 
1514 1658 825 
253 1620 1647 
957 116 1508 
1339 1300 1916 
1393 1331 712 
1157 171 591 
1045 879 1135 
368 1837 1948 
171 315 738 
1344 1805 1089 
1348 691 1719 
1758 1461 998 
1878 905 1017 
892 1901 1072 
1835 1672 1972 
283 836 957 
133 877 897 
73 1476 972 
1203 980 227 
1841 1243 626 
481 1862 1079 
712 785 1303 
945 513 1857 
436 958 1188 
1049 1976 1876 
143 1159 1161 
1544 2038 892 
1498 548 1787 
1737 1026 921 
223 730 1603 
1675 540 1313 
1228 987 1257 
324 1650 1679 
1331 1271 1339 
1955 701 1519 
587 1851 1996 
1420 498 1425 
257 934 1234 
877 473 446 
959 851 1958 
1789 2049 1735 
1787 20 887 
545 440 1442 
1217 1586 785 
60 1127 758 
190 658 944 
832 797 920 
1433 931 1294 
855 941 1444 
772 1268 1159 
553 1103 1764 
912 1663 1018 
982 1741 373 
269 1670 416 
437 349 834 
1203 149 796 
191 774 553 
1228 397 1062 
1551 918 364 
1987 656 909 
917 1044 592 
715 1206 1350 
1006 692 74 
1325 1272 101 
105 1687 1562 
1860 798 171 
1287 1114 402 
1161 1443 1365 
133 894 502 
2038 1217 1544 
1339 1697 1209 
383 483 1046 
1737 309 1761 
314 171 798 
1734 583 45 
712 886 1292 
1229 916 1705 
903 164 1997 
171 306 233 
170 1067 682 
985 1386 1399 
1817 785 886 
126 998 171 
1812 1630 1592 
284 134 380 
1095 1556 1322 
1921 72 460 
288 222 78 
515 620 505 
1793 1292 251 
1616 144 86 
1738 1831 1868 
1193 583 1854 
1602 157 837 
1183 1567 681 
941 738 1157 
1332 502 1068 
1405 198 1358 
587 1461 1741 
1930 1437 1732 
1284 926 1515 
1603 881 1617 
352 1563 1687 
723 1658 772 
1010 1672 651 
1756 179 1806 
1746 1433 1294 
786 851 1476 
54 1751 282 
792 1001 791 
225 1822 666 
903 987 164 
877 319 446 
1485 972 1575 
203 2064 1571 
1010 1026 1617 
1203 240 687 
556 2060 821 
428 397 785 
1970 1953 444 
886 1103 223 
1694 580 735 
102 1365 243 
1692 1133 1610 
626 1926 1045 
1224 775 1941 
1953 318 1819 
1104 1653 1136 
897 133 1332 
1146 1342 1894 
88 693 1805 
1272 344 532 
1041 913 1283 
1226 848 53 
959 1949 1203 
34 1896 292 
1087 1055 764 
579 1534 1487 
269 1655 1331 
1565 1343 832 
1157 2044 738 
1290 1615 898 
1291 1006 1754 
1765 645 29 
1689 1160 1532 
1268 1852 1476 
900 1275 777 
655 1473 247 
1191 859 1248 
907 473 971 
829 1380 1562 
939 66 1399 
821 2060 580 
562 837 1770 
436 304 617 
1301 577 444 
579 1089 171 
583 36 96 
591 1826 1864 
1442 593 209 
1231 1990 942 
500 1031 534 
894 1352 900 
741 507 577 
796 806 876 
473 877 640 
983 247 1680 
1553 219 117 
251 2029 171 
1209 1619 1070 
284 1093 1508 
91 1443 964 
1339 2049 1275 
992 1716 947 
1738 1555 1055 
1371 569 1987 
1930 1720 1209 
469 960 240 
261 90 1001 
1817 136 1948 
1958 1571 1784 
267 1983 1234 
1943 1422 188 
2002 1717 1243 
10 799 1499 
1758 998 1064 
619 1103 998 
39 1732 573 
886 872 1586 
1410 1789 314 
318 1523 807 
190 1076 915 
446 2049 1126 
319 578 393 
912 265 1247 
218 1655 661 
929 541 955 
1424 1737 353 
1737 309 2060 
341 1735 676 
1499 182 1750 
1430 959 1586 
402 54 1810 
1082 1470 1705 
1795 344 1563 
1862 755 992 
649 1513 1038 
131 832 419 
75 1165 2010 
538 1133 1741 
1672 1646 1993 
1142 1712 663 
625 2007 551 
693 1239 865 
931 1111 811 
832 557 1567 
1178 1528 100 
883 252 1465 
1646 1260 1312 
442 1071 476 
1942 995 1513 
877 446 979 
585 1345 1384 
265 1978 649 
649 192 590 
954 529 1457 
908 444 1497 
171 859 1805 
1379 169 1894 
649 115 1696 
96 792 390 
1503 758 1127 
1164 232 2043 
1967 263 1150 
426 1918 1758 
821 1475 1621 
205 78 1033 
406 1275 1331 
302 785 1062 
1335 1841 1564 
1917 39 987 
1170 1448 1806 
1118 108 1957 
1610 118 969 
1852 1620 733 
1841 2018 1723 
1167 1699 197 
2026 1171 847 
73 506 1851 
29 1215 582 
702 957 1257 
412 1122 132 
1556 62 400 
1571 1270 1586 
16 1476 556 
1825 357 1122 
1586 785 1502 
1709 1239 1133 
948 525 1866 
1610 970 1648 
1370 543 477 
1506 179 1819 
1987 541 569 
1671 207 1643 
1442 323 209 
906 1133 821 
1917 1064 17 
1182 786 717 
2050 1027 1072 
107 1436 613 
858 1227 1286 
1384 587 1071 
941 774 376 
1358 1874 822 
2038 654 1860 
2060 1476 1596 
496 1898 657 
26 37 1620 
1078 441 1880 
482 1321 1955 
1638 579 712 
434 675 837 
594 945 613 
1448 86 723 
200 1003 109 
46 583 1229 
2056 315 1595 
234 1342 1290 
1987 456 1371 
1079 1284 1498 
249 426 1439 
736 1725 616 
39 1137 1303 
603 202 1770 
1630 1025 1222 
226 1997 1278 
1440 1985 257 
2017 836 446 
171 90 437 
1694 402 433 
1001 1066 972 
1980 1083 1142 
95 1161 379 
2055 920 459 
459 734 1941 
838 187 1603 
540 1851 316 
189 587 1031 
1846 1865 702 
1444 1658 1663 
712 1157 1930 
877 676 341 
1018 440 1647 
101 1164 169 
920 897 1878 
1125 1930 668 
589 452 913 
1930 333 629 
696 747 978 
1704 738 1816 
290 737 1626 
1240 1879 1911 
1558 1955 1586 
1331 1125 1394 
1504 460 1845 
1765 115 1627 
877 920 446 
59 1123 1122 
88 1764 1858 
1056 787 1075 
161 1555 364 
1822 279 409 
563 409 107 
960 824 500 
253 1406 73 
1993 572 1725 
1188 1576 1684 
1927 1166 1252 
467 837 1408 
426 282 1476 
1496 237 842 
1201 1473 1039 
1317 1123 303 
875 1961 716 
1421 103 659 
1841 405 907 
1451 1217 1465 
1735 1838 702 
1331 379 1228 
1023 1997 982 
1520 148 220 
1257 1284 987 
1764 788 1917 
1010 1174 396 
1504 557 1438 
362 1906 1817 
739 1007 1926 
458 869 1845 
655 1690 1774 
446 1591 1214 
839 200 958 
1766 1759 679 
1545 1336 931 
617 507 239 
582 1311 1712 
1430 1001 482 
494 1137 1826 
1836 1502 1339 
582 1980 1627 
1260 1627 590 
385 1764 825 
781 1582 667 
583 1203 723 
2038 875 895 
1556 444 5 
1987 340 909 
1817 362 557 
251 126 1292 
1307 850 103 
531 1405 957 
476 416 1513 
456 1371 569 
1246 1142 1554 
590 337 1393 
1887 541 929 
2052 279 1900 
146 645 1539 
1228 1912 1137 
719 1184 1862 
1499 157 1239 
493 801 1304 
257 1440 1291 
1071 982 630 
1025 1134 2006 
1655 837 1602 
1878 1865 1117 
1267 1203 1997 
844 1955 1901 
540 642 1610 
621 166 1160 
675 1655 136 
1358 409 346 
1559 110 1359 
157 821 1524 
140 750 499 
1237 693 411 
723 397 1876 
237 1433 1336 
954 1289 174 
915 1878 957 
402 830 1719 
1006 1440 934 
538 207 888 
875 1860 555 
1082 1470 484 
1016 704 812 
1179 1955 1365 
493 1899 1230 
946 1571 1383 
261 122 2056 
704 1721 792 
1002 446 775 
28 1798 662 
701 46 1435 
1915 122 1154 
343 167 181 
1553 1628 117 
1408 1585 217 
879 981 693 
1027 1722 54 
1012 1776 1031 
1062 302 1339 
1007 120 149 
1993 491 754 
342 1206 1350 
2038 694 555 
1694 1603 1182 
1502 998 1331 
1653 1727 1700 
742 1901 1432 
1620 1691 23 
1506 1691 179 
1448 851 79 
238 837 274 
349 1192 378 
1350 545 1081 
693 1513 786 
1082 1470 484 
1089 261 404 
16 1737 1701 
39 1917 1446 
244 982 1236 
253 23 1647 
987 1917 693 
402 433 1694 
572 253 1725 
1626 1797 171 
376 1157 251 
637 611 1611 
1089 1656 122 
444 1851 1497 
1955 199 1431 
304 1520 1227 
207 494 879 
966 725 474 
1445 67 1860 
1788 1103 1077 
1281 136 77 
1963 1738 381 
1172 1506 1152 
1357 1912 1339 
222 788 981 
1917 1393 1502 
1993 1796 954 
486 1862 1035 
693 88 1331 
886 2046 149 
117 60 325 
766 349 474 
880 284 1339 
501 1929 995 
1321 919 1095 
1357 751 284 
860 1630 1420 
1376 169 1448 
1879 676 133 
1355 802 996 
442 1240 1577 
1654 823 1178 
1875 833 997 
86 1876 168 
330 1159 1814 
1461 1239 825 
1157 337 553 
1331 998 1224 
1279 2054 1105 
900 8 2 
894 1860 362 
197 1699 1769 
1876 1001 1783 
1003 1510 652 
1636 1744 741 
1859 1003 1539 
455 237 1553 
91 1997 302 
1694 388 223 
1074 610 165 
1838 693 633 
180 1758 148 
229 1821 279 
390 176 1260 
1721 390 96 
1496 237 621 
870 625 996 
1112 979 1937 
445 876 126 
1502 284 245 
1076 785 1300 
818 142 881 
23 100 1073 
1693 232 305 
1355 767 850 
126 1514 959 
608 59 1798 
171 1237 1783 
587 126 1071 
1286 1003 1083 
1395 894 149 
875 895 555 
401 171 1326 
1816 907 1540 
1016 1072 696 
1743 1321 1959 
515 384 101 
1671 334 1415 
1279 219 2054 
699 894 1137 
840 881 1978 
1860 965 869 
1479 693 785 
2060 1524 1596 
1089 406 2049 
1701 1528 838 
363 287 1203 
1764 651 1692 
171 896 1826 
357 536 1704 
1064 1473 1758 
431 1562 1955 
23 1631 1711 
2017 1952 578 
1282 91 785 
58 1712 1933 
1002 1622 1877 
1300 1531 712 
2017 797 283 
675 238 1655 
1603 586 187 
1693 582 1083 
818 1010 1768 
1207 1851 1756 
1570 1496 1160 
1704 1755 1156 
1562 1243 2025 
344 515 1203 
1697 370 251 
1710 1882 1950 
54 1053 1513 
1879 1250 1117 
1307 659 103 
388 723 79 
460 832 2032 
1122 532 1540 
1002 1331 1930 
998 31 2056 
920 1042 1930 
284 1300 1157 
551 1003 1683 
1008 1331 1257 
764 2008 1420 
1376 101 35 
284 47 1339 
1292 126 1331 
1558 483 771 
1139 1650 538 
1382 783 1657 
775 1303 406 
416 269 998 
1846 798 289 
1355 794 996 
1750 540 998 
986 1456 469 
1627 115 649 
1029 1377 1329 
654 42 1436 
796 1917 445 
502 446 592 
261 1089 1263 
1224 1042 1208 
785 1339 284 
1617 818 382 
1794 1459 69 
498 2008 1615 
1234 1684 1756 
1148 1093 1363 
149 1955 401 
20 1856 1737 
1758 693 97 
1833 1295 1759 
959 192 1419 
894 1860 1898 
1901 1451 307 
1179 770 1094 
778 443 1352 
1467 2045 1436 
1292 1741 379 
2018 1405 1884 
2007 1252 1290 
1203 397 527 
1405 1352 427 
1313 1216 714 
1103 1862 207 
392 1577 87 
812 1683 1046 
502 1884 897 
1133 821 433 
1250 67 1586 
507 1998 884 
340 1987 656 
1611 161 381 
386 1267 149 
1132 148 736 
1909 1037 1283 
1782 859 1153 
690 798 133 
169 86 1382 
341 1044 905 
1417 1548 2054 
254 762 397 
856 1300 1884 
1151 1986 1737 
1344 1241 43 
285 1498 1185 
1176 1446 1393 
538 948 1408 
1831 381 1515 
1817 2049 1339 
1289 0 1475 
477 541 1987 
1110 1540 168 
1959 455 328 
109 625 996 
1321 961 515 
257 1754 1440 
1222 754 1498 
819 537 1730 
1701 823 1757 
1223 1913 919 
1990 942 1505 
1217 1565 1347 
376 1060 1292 
1990 939 1078 
104 1237 1981 
553 245 774 
1396 244 564 
1571 738 1848 
1716 1101 992 
1866 1030 525 
444 1806 1448 
1959 1031 1203 
798 1363 190 
1075 1694 994 
1996 270 1761 
506 174 1993 
477 541 1370 
1133 379 1239 
965 302 283 
1539 1309 1554 
723 416 1094 
458 251 738 
1473 1203 1959 
1530 402 84 
1983 54 1684 
1363 1148 1228 
245 957 75 
578 474 1028 
547 1079 182 
1480 1838 1209 
104 524 118 
616 1993 1972 
1594 1591 1339 
1476 1175 1475 
1763 1699 1033 
1423 510 282 
120 1575 1203 
1098 101 167 
1758 1896 292 
1431 1179 1861 
2 1937 1838 
1476 529 394 
1209 693 514 
1895 1514 379 
444 741 1576 
1878 1874 777 
1882 610 1377 
1255 691 872 
734 1502 406 
1325 394 1819 
892 1451 1965 
1260 1216 1499 
986 1456 1255 
1780 157 1490 
1983 1667 1178 
1737 1151 921 
1729 501 1671 
103 1307 850 
1698 1876 855 
1064 137 1758 
269 284 1228 
1321 594 101 
90 1513 1783 
1210 788 1437 
807 1802 1286 
1829 104 1649 
1133 1169 506 
692 100 1528 
886 1955 644 
859 1257 1315 
382 1079 1652 
20 840 396 
1768 506 491 
1331 1161 878 
1056 2066 545 
1282 1529 1028 
1191 1358 846 
812 696 1072 
1163 293 877 
593 1647 1442 
1176 693 1479 
582 645 424 
1756 1819 253 
1427 707 481 
630 1263 1292 
538 1650 433 
1134 219 674 
1151 921 309 
252 1465 710 
1363 832 2029 
1882 874 1329 
572 1620 1972 
1586 1062 1085 
363 957 131 
1763 1699 517 
1193 270 1170 
29 649 1618 
735 1726 1408 
1909 913 1373 
958 144 1309 
120 239 282 
1178 497 1819 
1135 1386 2026 
1502 879 67 
351 738 488 
341 917 877 
1655 287 245 
1918 462 1970 
1878 915 204 
1900 1821 279 
1003 1539 1391 
1012 1331 630 
1812 364 764 
1245 1165 75 
282 1647 1475 
977 723 1461 
219 455 575 
1013 253 2066 
456 662 1371 
1621 1498 298 
1849 1071 1085 
941 959 553 
1978 634 1617 
1586 1031 712 
1373 363 1990 
1680 1175 1758 
1126 1573 1220 
148 1475 972 
917 1878 360 
377 1332 1717 
1858 1522 825 
1209 1577 2055 
1091 1461 806 
812 1016 1255 
1291 1528 800 
787 165 1132 
309 1151 921 
798 965 190 
1739 304 54 
559 942 1399 
693 1851 1446 
1498 1239 39 
1440 692 497 
484 728 1470 
1215 582 1693 
1917 494 1930 
1031 1303 1071 
2055 684 1729 
117 1503 1630 
1372 156 26 
230 878 122 
134 446 155 
1071 982 416 
1532 1160 842 
797 1952 1281 
959 1958 261 
2012 1894 169 
2058 1087 1314 
916 851 1448 
167 423 181 
1405 381 8 
346 1926 1860 
947 992 693 
884 934 1636 
1239 1381 1658 
404 231 1935 
1279 219 816 
912 332 1663 
1201 126 579 
535 1500 120 
1793 315 567 
792 723 1947 
931 495 138 
1944 1767 465 
1502 1085 1331 
1772 934 1509 
1957 523 108 
1783 40 1535 
920 1903 676 
523 228 986 
855 247 126 
1126 1258 1275 
1482 651 701 
128 532 1540 
128 2043 1540 
1769 1537 1167 
604 39 269 
473 1220 640 
1503 325 60 
312 1002 314 
1285 1008 130 
1039 426 43 
1500 180 239 
1986 1950 912 
821 906 1768 
1025 634 1449 
419 1310 434 
1814 1614 1658 
573 1303 1245 
267 934 1754 
1239 1346 540 
1267 1758 972 
66 1029 1377 
492 1712 663 
284 1339 1732 
661 1513 1243 
472 1878 198 
1452 1325 410 
331 859 1344 
1363 67 964 
1007 1501 1116 
992 1716 1437 
921 1986 1737 
1506 750 179 
1139 1239 1080 
1805 1932 122 
416 269 419 
843 1755 2002 
774 738 376 
1876 1783 1001 
1526 1749 1851 
1689 1532 842 
25 1895 306 
951 1357 1916 
628 1838 502 
1876 483 1981 
1052 1303 1572 
618 1927 1299 
510 527 1699 
1228 1107 1094 
37 1851 160 
0 1102 754 
985 1377 1835 
750 1442 1646 
832 356 1283 
634 1617 1796 
1026 1151 921 
953 310 1996 
795 1240 920 
497 1440 1528 
1955 697 701 
1286 807 1724 
1526 406 269 
838 187 586 
375 628 1340 
125 376 1060 
1499 1917 1498 
1471 1757 1918 
1062 1300 356 
1576 577 617 
383 1687 1007 
629 1263 1734 
1248 1332 1805 
8 1358 894 
1556 316 1461 
977 1446 1848 
8 443 2018 
265 736 572 
407 282 1039 
1127 1984 60 
269 1344 334 
324 785 1817 
1107 1064 126 
723 1859 1003 
126 95 1576 
1716 83 1700 
1294 1127 1433 
497 1350 1406 
1756 1691 175 
879 1394 1393 
1339 981 992 
1002 1437 1394 
506 972 1457 
1908 362 1436 
1516 553 738 
1932 640 1154 
1083 582 663 
1010 1648 1596 
324 627 313 
1670 316 1958 
1394 1339 284 
1126 473 1125 
1729 1036 1408 
1761 1151 921 
1622 785 25 
1278 406 775 
1417 1553 224 
1722 54 1674 
551 115 1286 
1930 1394 269 
1276 583 101 
1391 1539 1582 
441 590 1658 
577 111 1188 
1239 998 1331 
257 1440 100 
895 1467 324 
1940 34 1670 
693 579 171 
1 682 1860 
538 1139 1216 
1288 822 75 
1091 1331 269 
191 455 1555 
1704 252 1845 
1386 361 1041 
1052 1137 259 
663 1142 1554 
90 888 1729 
1805 222 1191 
1776 31 14 
1586 67 1608 
761 246 1008 
1923 1348 898 
1595 1465 1327 
43 1158 517 
691 54 962 
642 1325 101 
1917 987 1008 
1209 756 788 
401 469 886 
499 1993 1646 
1381 1476 730 
1443 597 452 
878 261 122 
198 595 690 
836 971 133 
