1744 
1826 
1695 
2056 
1316 
953 
327 
1121 
817 
897 
1010 
1021 
876 
1557 
1893 
200 
1078 
1747 
239 
1465 
1803 
47 
749 
733 
496 
330 
1222 
914 
1984 
1269 
948 
261 
548 
565 
1066 
1755 
59 
884 
777 
1878 
1574 
1617 
2016 
876 
1119 
1637 
696 
1498 
386 
1226 
939 
1645 
1427 
1753 
1255 
1174 
1820 
801 
833 
608 
1984 
1585 
1615 
458 
1528 
1027 
1141 
746 
2001 
711 
469 
1287 
433 
1751 
100 
1949 
109 
1835 
1852 
1513 
2031 
573 
934 
1315 
685 
848 
558 
385 
959 
1092 
1758 
596 
161 
1524 
978 
1588 
250 
174 
626 
1089 
1006 
1122 
403 
667 
1772 
402 
1672 
1162 
1446 
565 
405 
848 
1785 
208 
1422 
1523 
1042 
1503 
639 
62 
1852 
728 
705 
1668 
2028 
1184 
14 
494 
1473 
1161 
1446 
920 
1095 
891 
905 
1930 
324 
1021 
1573 
564 
616 
568 
1986 
1268 
497 
1480 
667 
423 
1018 
1785 
1687 
868 
416 
1607 
805 
285 
253 
799 
1721 
1229 
1810 
1427 
1683 
24 
1702 
787 
1914 
1029 
1709 
615 
1162 
2029 
1736 
1708 
140 
1170 
323 
429 
226 
1737 
175 
934 
948 
387 
565 
298 
579 
921 
844 
1608 
553 
1591 
1802 
613 
90 
848 
1312 
973 
1820 
1711 
919 
143 
1679 
1054 
1865 
681 
397 
1066 
1207 
1651 
1509 
1802 
1822 
1893 
1474 
1904 
254 
586 
1322 
776 
532 
287 
542 
1475 
2008 
1703 
159 
1260 
1662 
1821 
1601 
3 
858 
330 
422 
1878 
134 
804 
1207 
18 
191 
440 
953 
704 
1435 
965 
805 
255 
958 
1514 
96 
1435 
1243 
282 
1894 
5 
1514 
1440 
1999 
1250 
903 
1480 
1013 
972 
574 
1066 
2015 
100 
584 
453 
1761 
25 
1097 
1664 
1852 
171 
33 
62 
76 
790 
2061 
27 
1620 
1878 
1281 
208 
330 
73 
77 
1841 
1621 
2040 
894 
1938 
403 
1672 
880 
79 
1001 
73 
1723 
465 
1065 
414 
858 
435 
1315 
1504 
764 
353 
1176 
628 
1619 
324 
2029 
208 
1154 
1688 
2043 
1241 
984 
123 
848 
545 
313 
758 
1076 
420 
2054 
1483 
25 
1841 
1324 
1628 
32 
752 
125 
1736 
1860 
387 
543 
819 
715 
1073 
1736 
71 
798 
1102 
1012 
1479 
1673 
1697 
483 
1761 
737 
1021 
561 
147 
1541 
253 
1841 
172 
1267 
901 
739 
454 
1123 
1164 
464 
620 
1793 
2039 
1888 
1637 
1981 
1705 
1184 
1693 
1975 
1530 
878 
1096 
1374 
352 
1758 
539 
74 
688 
1133 
711 
704 
1822 
1820 
1656 
1621 
519 
840 
762 
1329 
574 
1310 
581 
105 
102 
1962 
1111 
261 
179 
1248 
1272 
850 
803 
361 
749 
164 
499 
1209 
860 
1402 
1662 
327 
1936 
1290 
1489 
1141 
1491 
1514 
1767 
2065 
1229 
1807 
198 
1613 
96 
562 
444 
1013 
1006 
1720 
1861 
1442 
1751 
1154 
1479 
1631 
1771 
1125 
590 
1553 
1797 
1469 
897 
233 
1700 
1910 
1055 
1371 
578 
960 
1680 
2040 
533 
1323 
1573 
1736 
840 
441 
1062 
1732 
655 
518 
933 
1450 
319 
607 
1641 
1585 
543 
1197 
1108 
1826 
1499 
762 
352 
695 
130 
911 
833 
1703 
697 
1828 
299 
663 
1083 
1079 
463 
1016 
100 
707 
876 
1453 
382 
817 
1702 
146 
659 
1457 
444 
94 
695 
1227 
1046 
60 
574 
263 
685 
1323 
1725 
1626 
894 
114 
732 
1657 
980 
1654 
1866 
1267 
565 
1180 
1381 
1081 
249 
132 
1200 
950 
1119 
976 
1586 
1620 
385 
1691 
1370 
1506 
1370 
1174 
323 
379 
1852 
32 
720 
174 
1227 
2061 
1516 
1824 
747 
1061 
1774 
1121 
1309 
1550 
302 
1222 
933 
600 
1083 
1324 
872 
150 
1371 
1628 
1107 
736 
592 
264 
1630 
587 
1440 
164 
290 
735 
1820 
1142 
599 
174 
734 
881 
426 
1284 
998 
1806 
330 
877 
934 
2066 
1502 
458 
1846 
1385 
878 
564 
737 
1255 
175 
261 
518 
1558 
1662 
1122 
634 
1761 
1242 
790 
193 
1156 
169 
736 
1188 
1046 
727 
571 
1973 
805 
542 
2067 
850 
98 
357 
1991 
1512 
143 
1701 
502 
1764 
1585 
2057 
272 
764 
1722 
730 
1804 
492 
1725 
552 
54 
1003 
2035 
894 
1383 
1698 
1736 
1010 
807 
765 
1956 
111 
456 
1661 
370 
663 
611 
1860 
703 
492 
590 
1370 
1822 
146 
1542 
54 
1479 
1156 
1506 
316 
1134 
921 
598 
1268 
91 
174 
1973 
74 
877 
1611 
1778 
18 
1152 
1933 
1294 
1603 
421 
717 
934 
1315 
1860 
484 
46 
1435 
1287 
596 
261 
1288 
1697 
1798 
46 
122 
1644 
498 
525 
969 
1722 
69 
1181 
1007 
679 
342 
199 
1694 
80 
1271 
2016 
934 
1691 
269 
1018 
843 
545 
1534 
1722 
1660 
282 
1308 
941 
23 
945 
1647 
1691 
1065 
1060 
707 
1659 
1077 
1939 
1122 
1354 
484 
533 
555 
174 
413 
1152 
1498 
1985 
1383 
1170 
1718 
1938 
536 
325 
980 
1147 
962 
482 
1794 
1198 
1227 
118 
802 
941 
100 
1423 
1628 
1749 
1628 
1302 
1437 
219 
1585 
2016 
246 
429 
232 
73 
1859 
1160 
1778 
1975 
165 
1514 
1392 
1715 
894 
158 
1314 
1510 
1858 
1749 
774 
426 
1617 
100 
551 
1355 
941 
237 
246 
1219 
1286 
1687 
675 
730 
1841 
1365 
608 
743 
771 
883 
1367 
142 
341 
1739 
906 
1479 
1349 
843 
1010 
378 
1336 
1727 
4 
435 
1 
1173 
1712 
878 
125 
2017 
72 
586 
565 
1010 
1654 
1570 
725 
574 
1999 
1697 
724 
1006 
1250 
1307 
1095 
357 
1471 
1043 
848 
585 
1300 
232 
1878 
1127 
1376 
51 
442 
484 
123 
839 
1896 
1949 
1626 
1455 
1112 
567 
1627 
1029 
1828 
233 
592 
737 
1255 
1446 
1617 
842 
2008 
1234 
133 
1267 
1524 
1475 
1833 
1723 
1276 
1845 
1664 
1154 
1948 
251 
1736 
1981 
1706 
791 
737 
903 
426 
1683 
1117 
821 
1450 
23 
13 
1688 
246 
167 
817 
27 
1516 
1641 
951 
1676 
254 
202 
1151 
1541 
1284 
1949 
4 
161 
1826 
468 
707 
566 
1736 
974 
563 
257 
5 
1154 
1154 
1866 
995 
956 
125 
787 
1641 
1250 
734 
600 
1729 
1751 
111 
534 
977 
1489 
5 
586 
543 
1133 
1042 
1894 
1495 
934 
534 
761 
2025 
1516 
987 
125 
385 
835 
1912 
736 
924 
1806 
1763 
932 
1306 
536 
1620 
1016 
1010 
523 
207 
1203 
542 
164 
165 
1803 
822 
736 
555 
1191 
1733 
634 
2007 
1692 
939 
667 
1528 
589 
1219 
361 
1620 
1263 
645 
1820 
1530 
100 
1079 
1751 
1642 
840 
958 
1349 
436 
1529 
1072 
46 
1741 
1102 
772 
1693 
1756 
1134 
1292 
1483 
1134 
1976 
1722 
596 
167 
586 
1226 
523 
336 
1174 
663 
2040 
1909 
606 
841 
1206 
849 
1586 
984 
738 
1498 
1828 
553 
1809 
1582 
1706 
1198 
951 
1695 
1826 
541 
1178 
1370 
378 
1816 
941 
1596 
1126 
1700 
1993 
737 
265 
1143 
1712 
745 
894 
303 
1015 
1291 
1602 
1768 
1573 
741 
16 
1851 
634 
1440 
484 
493 
1289 
1816 
242 
1529 
26 
1679 
964 
1826 
1160 
88 
959 
132 
1503 
542 
1672 
1087 
448 
207 
1289 
1552 
1695 
1896 
250 
903 
479 
1797 
1386 
405 
840 
159 
257 
1534 
1858 
905 
501 
581 
1220 
7 
608 
1325 
1706 
446 
1062 
1529 
42 
1929 
1406 
175 
1026 
1741 
1630 
5 
1861 
1059 
181 
540 
1758 
424 
663 
159 
1941 
125 
148 
1608 
203 
820 
1513 
921 
750 
251 
848 
1513 
497 
125 
1206 
1749 
1689 
330 
1395 
454 
1985 
564 
848 
484 
1316 
963 
1506 
267 
440 
832 
1222 
1761 
310 
1666 
497 
704 
565 
1479 
18 
1554 
125 
1561 
858 
1826 
1404 
763 
429 
990 
1797 
848 
1045 
1097 
642 
478 
1984 
1628 
1860 
1787 
1180 
876 
1634 
1433 
100 
921 
785 
416 
1653 
1276 
1960 
553 
741 
1391 
737 
1861 
316 
79 
159 
610 
921 
1820 
1480 
1553 
1704 
551 
1107 
429 
493 
1184 
884 
453 
884 
1303 
421 
1826 
1465 
255 
876 
1628 
611 
252 
1384 
1346 
1142 
1329 
1703 
695 
1466 
126 
150 
1299 
1999 
848 
934 
494 
1962 
1774 
1769 
1381 
1502 
878 
728 
1919 
