1333 1270 724 
857 414 1156 
1364 265 1054 
1169 1053 640 
948 257 727 
645 648 2 
1061 52 1431 
89 85 191 
784 887 486 
915 943 10 
1395 1402 1218 
80 965 933 
767 1104 437 
589 261 321 
688 1071 884 
1416 1079 330 
801 964 237 
195 453 139 
390 325 678 
841 202 1443 
1306 519 1014 
1204 471 666 
367 453 445 
1401 1351 1294 
1114 340 717 
533 635 1379 
1382 682 313 
1341 779 106 
870 558 1450 
782 483 1236 
1021 279 386 
249 392 1015 
211 998 1276 
1400 801 1402 
539 1175 670 
963 845 673 
1100 1048 63 
1265 203 183 
887 621 733 
1080 1027 42 
1096 1325 1005 
646 808 416 
1080 1027 1452 
124 906 1224 
504 401 73 
386 242 1438 
1328 1277 1152 
1395 1439 894 
1047 404 355 
570 1275 442 
469 403 245 
905 1402 270 
557 356 186 
433 674 807 
622 665 695 
642 393 211 
282 9 39 
1184 1050 862 
952 1374 610 
938 773 124 
691 972 845 
554 1102 973 
1068 805 182 
88 1283 751 
391 752 389 
972 142 345 
771 768 1014 
210 579 903 
175 932 1225 
540 281 1331 
917 205 579 
1177 1285 529 
1214 453 426 
289 401 854 
1261 966 215 
138 655 125 
1251 752 391 
311 243 1253 
116 845 536 
1292 882 1175 
680 11 1114 
333 1265 183 
128 682 784 
1293 216 687 
215 289 230 
1252 1018 7 
1134 887 733 
1395 1200 47 
299 63 891 
7 1202 85 
174 666 561 
378 805 609 
986 848 1018 
3 1071 824 
870 28 1387 
1244 1024 1221 
256 921 611 
885 38 887 
1352 695 440 
1375 377 995 
1142 907 425 
1258 1177 1316 
157 1296 1269 
699 1144 678 
201 1224 1414 
1161 337 451 
772 696 1298 
1056 536 703 
790 540 1420 
439 1293 575 
224 787 914 
202 637 211 
174 1356 1303 
1236 440 98 
510 147 1092 
1246 518 726 
1412 691 1052 
1312 1001 901 
449 505 523 
838 1299 29 
614 483 529 
1083 345 1306 
768 944 519 
501 7 170 
289 43 330 
75 1270 701 
686 279 221 
1229 1164 1149 
1035 82 444 
1451 664 1134 
453 22 285 
534 922 406 
1028 280 1018 
1144 156 678 
359 203 1265 
969 665 484 
10 90 1218 
716 1357 242 
912 1141 75 
445 17 1226 
743 307 730 
1001 822 597 
960 717 72 
339 734 912 
603 477 1392 
153 1275 1130 
810 658 714 
114 361 148 
927 147 1081 
384 1383 218 
1325 1414 1078 
998 618 1276 
569 476 703 
1294 1153 1130 
222 1226 246 
910 619 1153 
1184 928 1050 
853 102 491 
278 833 299 
1073 918 786 
594 892 985 
906 813 1240 
1240 973 161 
920 216 83 
1203 1209 1303 
229 320 517 
401 776 217 
1212 581 1042 
1144 1277 1328 
743 450 1050 
92 292 1018 
280 255 1164 
914 1082 1111 
1419 888 491 
112 90 745 
641 1302 68 
552 1433 66 
1138 271 234 
567 129 1134 
540 41 281 
1350 634 1098 
1306 860 519 
609 805 806 
1265 203 1264 
1431 248 607 
431 1350 1432 
381 217 906 
138 1369 1141 
836 894 713 
502 557 1209 
388 1231 710 
1145 85 986 
946 323 532 
1275 1362 1034 
737 1067 858 
17 453 72 
1120 708 1325 
467 406 969 
450 370 290 
797 449 905 
876 576 89 
104 503 1199 
637 1086 793 
183 1265 37 
1136 706 1062 
602 1418 1339 
453 841 367 
885 628 1134 
589 952 943 
441 287 563 
590 852 903 
642 202 55 
1270 956 668 
715 936 1040 
503 788 299 
84 362 596 
1293 1274 336 
186 854 906 
578 325 1124 
893 810 265 
1166 1335 86 
126 581 1378 
1226 246 349 
1443 1086 945 
257 1298 965 
306 1366 356 
1086 202 806 
1209 801 1303 
423 511 534 
795 354 165 
84 758 215 
698 681 1002 
1211 1050 169 
784 703 486 
271 177 361 
503 1178 692 
1021 279 30 
801 112 1396 
180 1350 147 
917 496 1007 
1419 1102 173 
258 875 74 
45 1438 1299 
862 365 1159 
1328 1277 168 
481 1198 1172 
222 940 1192 
585 1092 675 
381 1397 846 
1355 31 1208 
827 1288 237 
1098 288 376 
510 857 898 
867 249 31 
926 909 587 
1164 428 171 
921 96 585 
815 224 1048 
1008 1352 875 
1379 357 533 
932 646 1186 
1374 952 321 
499 348 1409 
1135 951 943 
8 486 784 
2 1363 810 
1242 275 1314 
1317 1011 445 
614 1259 726 
754 60 604 
1402 617 1118 
234 361 1138 
1120 584 40 
984 1366 990 
724 0 1109 
266 373 420 
613 746 862 
818 1424 751 
158 833 88 
126 289 1378 
171 132 1018 
647 939 34 
915 56 51 
1073 1446 889 
1100 224 88 
814 1057 475 
1404 1440 662 
1298 771 527 
358 251 431 
279 330 73 
1191 897 198 
552 1447 879 
414 1018 92 
1230 1387 421 
285 1280 404 
969 248 484 
1271 625 380 
1360 1297 59 
803 662 784 
88 559 1424 
1255 77 332 
563 1276 1040 
925 931 999 
1139 149 584 
1134 1280 422 
381 328 1315 
947 225 1294 
743 169 804 
1005 591 1279 
316 863 110 
376 1032 1098 
678 1253 862 
1343 1102 1109 
872 26 606 
573 589 1129 
712 521 149 
1439 309 863 
727 1412 1052 
337 1161 363 
1062 512 1229 
467 427 969 
952 261 1046 
883 1258 371 
946 192 532 
1080 788 528 
578 18 276 
1096 1120 990 
1215 670 34 
381 305 852 
1170 1013 100 
289 124 1180 
1368 678 390 
1234 613 994 
1302 1265 359 
840 891 27 
1037 1152 661 
216 1293 1274 
907 1131 919 
608 1066 481 
1304 947 143 
460 1114 24 
1119 55 612 
574 9 915 
376 417 1175 
1420 790 389 
1083 680 879 
585 247 1092 
646 697 655 
262 1409 915 
222 49 1276 
1209 801 6 
1421 1229 29 
724 794 668 
1065 343 417 
229 186 381 
1276 1093 814 
557 381 484 
259 966 1379 
939 956 288 
1265 333 134 
490 1021 126 
271 147 280 
1261 215 498 
337 908 105 
727 1412 789 
243 399 1422 
906 1234 1269 
841 1086 22 
387 529 983 
948 334 1341 
450 198 912 
553 221 126 
152 1106 4 
275 859 1314 
1429 537 831 
813 1120 922 
1032 1300 310 
99 1375 1298 
805 91 548 
508 98 1352 
1207 1264 37 
356 186 854 
611 585 581 
1129 589 1406 
149 1037 1044 
184 1431 328 
45 1038 731 
148 656 319 
1410 1362 190 
790 1252 344 
862 1184 678 
981 64 752 
1329 1166 31 
1086 55 202 
1148 138 57 
620 854 899 
887 430 1451 
400 452 778 
454 634 1232 
365 638 1159 
397 452 775 
73 44 599 
642 393 1069 
245 717 960 
564 814 48 
1306 442 718 
197 467 1065 
1328 1277 647 
978 538 733 
702 690 596 
1325 400 325 
456 1290 169 
1095 416 376 
1375 558 28 
292 671 92 
1283 959 63 
412 1095 41 
343 34 1432 
528 464 273 
1041 767 12 
1127 700 1244 
1329 1166 99 
1134 834 304 
228 44 1393 
1193 267 1011 
1084 577 1203 
1011 1276 1226 
320 683 229 
255 646 697 
550 952 1389 
684 396 1451 
376 1432 539 
335 865 1037 
665 484 53 
1354 1181 780 
589 383 1085 
1371 1108 1043 
767 12 843 
386 758 626 
109 1173 1293 
98 695 1180 
563 1276 301 
49 1341 570 
1257 1185 330 
887 128 785 
267 139 1317 
650 1424 88 
526 497 478 
570 1130 802 
1445 522 1109 
1050 370 198 
164 105 1161 
397 400 778 
206 841 72 
376 1300 343 
42 584 303 
1371 1043 1290 
1310 1404 587 
778 1418 973 
568 582 1427 
340 20 1306 
1294 1275 769 
137 252 1 
1041 1215 1372 
1366 541 1339 
1076 1095 1392 
1209 639 99 
320 683 197 
975 1284 1064 
50 1051 195 
1167 1439 1101 
666 896 685 
42 692 1080 
1066 608 1443 
256 96 353 
937 1412 1052 
569 152 784 
1389 144 290 
497 859 636 
1436 1182 1149 
1256 471 429 
1172 245 338 
1438 518 688 
29 1003 969 
381 433 356 
1006 210 903 
784 8 1404 
997 256 219 
1279 1096 376 
975 468 913 
1416 824 1079 
534 29 504 
677 1023 871 
712 1240 225 
1084 1388 1203 
940 1319 145 
915 239 112 
859 478 1374 
362 1078 386 
860 821 1396 
853 53 665 
170 709 1018 
854 942 189 
788 692 1178 
44 534 511 
589 554 523 
909 920 926 
586 389 108 
379 98 1352 
870 28 1106 
114 1092 252 
534 504 44 
922 319 1078 
779 943 27 
883 386 758 
1244 1174 95 
334 235 696 
165 356 229 
1074 147 271 
1099 1121 1306 
1403 110 835 
1348 1185 1257 
906 554 1445 
554 906 973 
854 560 356 
456 1371 1043 
447 437 478 
287 1439 1072 
418 464 324 
1438 71 1258 
1066 473 1051 
711 1406 1007 
1315 371 279 
25 1379 259 
504 511 1299 
1144 736 103 
116 107 78 
1331 1429 644 
408 978 1217 
34 670 939 
69 647 179 
306 464 429 
563 552 301 
413 4 948 
1429 576 799 
1321 1265 37 
887 784 662 
685 471 722 
378 805 91 
1387 772 696 
429 1418 1389 
1355 650 1424 
542 1433 176 
371 1212 279 
523 906 427 
854 502 1410 
1412 727 317 
356 52 186 
1375 1412 28 
299 88 1283 
1283 601 698 
174 90 112 
1211 1436 1022 
301 542 441 
404 475 1047 
620 356 186 
40 1394 1279 
664 1134 1026 
1427 1033 1133 
703 152 784 
1275 49 802 
62 1069 1119 
686 512 1297 
314 589 1411 
342 1374 58 
1293 885 109 
1429 200 1350 
701 337 752 
325 218 149 
989 839 283 
956 1104 952 
221 279 126 
1133 1206 1033 
501 123 1259 
18 218 149 
247 1092 346 
1420 507 389 
1090 1404 457 
932 260 1285 
208 1129 505 
210 862 678 
308 1005 400 
941 1447 1121 
138 725 1041 
1192 892 246 
819 1135 342 
690 289 84 
822 1001 656 
653 421 1166 
401 1393 124 
427 196 683 
1283 63 698 
205 1336 471 
144 1389 674 
13 923 174 
968 829 797 
86 430 396 
1221 613 988 
473 1123 1066 
805 806 182 
58 1374 321 
382 215 645 
618 151 32 
607 700 332 
268 120 1 
1297 686 1228 
1308 484 1234 
1109 950 1402 
151 612 202 
1155 155 1088 
395 186 906 
887 38 784 
54 665 695 
646 1149 347 
1041 1313 1112 
296 982 1164 
931 585 247 
371 1079 221 
1134 929 1330 
1217 408 1171 
626 346 810 
906 1361 877 
1300 406 828 
1260 271 171 
343 454 1232 
25 1379 533 
1371 859 525 
202 111 1086 
1304 1191 399 
751 861 1209 
1169 3 675 
175 748 347 
55 211 1322 
337 689 15 
1331 647 939 
611 438 667 
1182 347 808 
644 540 281 
265 5 1030 
1367 356 381 
446 1424 88 
1387 1166 249 
1118 721 1266 
1435 598 421 
441 1276 1375 
876 347 781 
1081 1299 387 
768 827 122 
762 1222 1042 
952 712 670 
1158 63 570 
1183 999 335 
1310 457 1404 
1196 708 196 
1451 1423 129 
433 484 1446 
471 90 429 
758 1091 438 
1270 956 1067 
623 1252 255 
539 34 939 
414 292 766 
912 674 689 
978 1035 128 
53 622 672 
1169 247 3 
1302 1108 1013 
957 1044 1277 
918 862 390 
542 715 1036 
879 1052 80 
231 1366 1346 
1063 1382 82 
467 427 320 
430 1451 887 
547 471 1209 
126 1297 731 
1293 83 216 
824 1071 14 
622 641 1131 
596 289 84 
1412 116 556 
503 788 738 
529 987 534 
1051 1066 530 
98 440 622 
772 106 891 
347 646 85 
1262 1002 231 
103 333 1302 
1127 420 1013 
912 880 994 
1315 409 596 
569 233 486 
852 218 150 
1402 10 1405 
1128 359 686 
1086 609 1317 
1196 196 663 
170 501 92 
356 1352 1255 
531 1406 1007 
315 659 493 
1218 894 1336 
146 1033 658 
1040 936 36 
137 1357 1437 
24 154 1114 
1020 1320 1268 
447 437 1041 
917 261 701 
652 263 1266 
1158 471 547 
550 720 1389 
0 352 274 
859 1324 593 
1430 1018 92 
317 1412 1052 
575 1010 1015 
959 1262 63 
140 307 992 
686 512 1297 
1197 20 1306 
38 86 887 
992 143 636 
1044 677 1144 
1144 168 1277 
194 665 433 
891 772 696 
833 650 1360 
1189 640 582 
316 27 106 
781 1182 808 
307 140 169 
1396 937 33 
174 58 321 
912 276 332 
1171 1205 673 
913 646 623 
1306 1014 771 
950 795 229 
818 63 1262 
858 76 64 
206 453 841 
845 673 78 
1092 585 247 
221 581 532 
1203 800 164 
786 328 667 
1207 646 1182 
767 12 804 
943 10 823 
658 1222 1054 
680 80 520 
778 554 877 
814 879 680 
292 671 900 
12 1104 437 
66 1375 122 
1294 1130 461 
1098 697 540 
287 1298 1014 
696 106 891 
59 43 861 
703 408 1056 
400 994 332 
1425 1002 186 
855 548 1172 
554 1449 889 
788 27 840 
1181 434 1174 
1182 1248 1202 
29 371 279 
1225 271 976 
887 8 486 
606 444 1280 
758 203 1058 
110 856 224 
503 1002 779 
1031 556 727 
108 1420 389 
1234 332 1351 
1426 615 124 
1086 1381 202 
1229 428 1236 
229 750 620 
486 151 38 
199 968 1361 
1149 808 781 
125 956 1007 
1203 1235 143 
1209 1303 1200 
570 448 1130 
1440 1404 1293 
307 169 647 
609 1068 378 
805 609 1086 
1449 53 622 
646 1182 347 
1096 922 987 
146 585 626 
867 1122 692 
778 1449 1236 
161 381 1120 
1052 285 680 
257 211 151 
1296 1077 905 
1269 554 858 
751 277 861 
1366 324 1163 
484 590 260 
1121 519 1396 
597 1001 656 
397 826 1178 
1071 688 126 
1243 1081 283 
186 906 427 
122 250 1450 
632 1300 809 
797 199 1361 
860 16 1135 
808 41 540 
1133 1033 658 
278 739 1082 
1134 872 422 
106 1362 914 
188 660 36 
982 1073 878 
1378 1079 686 
918 889 416 
1341 779 891 
206 367 453 
635 1328 168 
1163 437 12 
1224 861 1179 
35 78 556 
381 186 354 
895 1326 49 
986 92 1145 
1001 656 1065 
539 281 34 
1227 732 227 
210 988 484 
500 1109 157 
395 381 502 
777 548 1123 
47 772 696 
1156 1 252 
1129 981 752 
636 1371 497 
519 499 1359 
818 1444 1240 
390 678 1050 
316 1380 1020 
152 727 4 
681 432 492 
150 990 584 
949 1122 36 
973 1102 950 
904 1119 1069 
28 558 1450 
335 1434 1348 
628 834 38 
1322 1069 929 
1301 420 1127 
1008 1168 258 
1202 655 1182 
764 631 739 
646 862 678 
680 1114 291 
912 701 1248 
998 1276 151 
1129 858 670 
514 386 322 
1071 14 783 
207 1126 1440 
976 1285 98 
38 784 621 
173 483 29 
1446 1162 283 
1158 768 896 
88 738 696 
594 246 1192 
219 247 1206 
1356 47 1395 
847 959 1218 
1452 1356 471 
1184 1191 290 
658 1222 762 
1213 1431 395 
1430 1272 89 
1001 752 64 
1366 464 984 
210 590 1006 
869 642 55 
51 1109 823 
