1174 
931 
555 
907 
948 
831 
14 
1250 
758 
923 
1439 
989 
767 
1322 
1207 
991 
254 
1041 
222 
1388 
1152 
1023 
1217 
1130 
528 
562 
35 
1388 
870 
42 
336 
1443 
76 
840 
969 
682 
1072 
545 
609 
606 
805 
932 
29 
1322 
218 
76 
1366 
792 
1329 
292 
967 
728 
1187 
237 
645 
393 
872 
1043 
479 
15 
1114 
1325 
662 
426 
1149 
384 
357 
477 
175 
1423 
245 
688 
1278 
1000 
1206 
350 
801 
456 
1296 
754 
858 
1265 
67 
867 
1092 
1147 
1439 
820 
464 
655 
42 
852 
1371 
1143 
950 
1244 
1092 
42 
585 
1251 
1316 
989 
397 
699 
1208 
720 
964 
687 
204 
320 
856 
838 
1415 
1384 
1251 
1316 
981 
197 
915 
1247 
319 
1135 
757 
1314 
1239 
1186 
1049 
461 
45 
326 
622 
823 
337 
786 
1304 
899 
1291 
63 
133 
1183 
460 
945 
1450 
624 
732 
834 
1053 
164 
147 
802 
994 
945 
921 
770 
1291 
1262 
103 
615 
334 
276 
1265 
47 
782 
1299 
781 
838 
347 
30 
528 
450 
331 
306 
528 
350 
1087 
68 
528 
884 
1206 
12 
16 
103 
1119 
203 
302 
1336 
981 
1114 
917 
700 
1231 
255 
946 
606 
1333 
820 
359 
899 
768 
817 
734 
1293 
1310 
183 
588 
1020 
1443 
192 
1273 
1281 
175 
818 
1291 
842 
233 
638 
965 
30 
177 
275 
952 
1209 
1008 
494 
356 
804 
948 
1161 
1257 
949 
535 
903 
562 
754 
177 
1378 
482 
1423 
1097 
955 
1370 
275 
1426 
14 
1237 
70 
594 
1451 
204 
916 
1229 
967 
615 
1057 
1266 
1314 
397 
375 
422 
1169 
245 
5 
35 
1262 
820 
1169 
331 
1154 
627 
691 
544 
884 
939 
1159 
937 
1271 
588 
761 
1241 
886 
1219 
324 
882 
646 
1416 
551 
488 
1382 
35 
1251 
1151 
1350 
456 
361 
1276 
416 
1271 
71 
794 
899 
1255 
164 
1308 
621 
237 
1133 
820 
324 
730 
893 
1337 
387 
1081 
1159 
716 
899 
1131 
94 
931 
724 
981 
666 
737 
1234 
1277 
843 
1376 
592 
678 
411 
1064 
1013 
95 
456 
1152 
237 
30 
947 
513 
1303 
1303 
863 
1439 
1328 
1219 
1439 
1349 
846 
916 
175 
75 
1427 
1209 
264 
400 
499 
182 
893 
672 
436 
1309 
293 
638 
880 
915 
1061 
646 
746 
966 
1080 
1141 
808 
226 
944 
988 
257 
1101 
1298 
1192 
1206 
1207 
71 
1033 
629 
794 
601 
1182 
658 
1349 
148 
801 
1270 
404 
204 
568 
116 
495 
256 
103 
74 
1299 
441 
535 
21 
1239 
1070 
1067 
962 
744 
962 
1177 
1028 
464 
1409 
85 
1209 
646 
116 
1302 
1099 
292 
776 
258 
509 
967 
802 
878 
724 
985 
872 
1249 
12 
1205 
631 
1358 
629 
1108 
1110 
949 
298 
382 
76 
1266 
1040 
1119 
628 
1401 
941 
1174 
1031 
903 
696 
1291 
606 
672 
1019 
1043 
1403 
521 
1006 
140 
127 
703 
396 
412 
1087 
436 
353 
975 
121 
306 
1019 
1115 
269 
931 
1118 
1092 
989 
1117 
688 
1122 
910 
236 
1003 
970 
1423 
779 
271 
218 
671 
769 
549 
807 
629 
1384 
396 
872 
471 
1075 
154 
795 
292 
808 
1394 
549 
78 
1081 
235 
276 
423 
675 
632 
1131 
1329 
942 
786 
1077 
412 
204 
445 
1074 
1348 
694 
530 
359 
1043 
1043 
878 
133 
1384 
891 
711 
578 
3 
999 
230 
356 
130 
1020 
964 
794 
1225 
958 
969 
404 
37 
147 
66 
263 
1217 
854 
288 
1239 
922 
981 
2 
462 
37 
1298 
941 
949 
427 
25 
416 
369 
671 
1344 
1302 
450 
1405 
988 
646 
1147 
1032 
1110 
716 
1163 
615 
921 
393 
1184 
578 
1073 
1235 
540 
98 
811 
1014 
276 
404 
411 
612 
364 
1161 
1244 
864 
690 
822 
132 
1348 
278 
385 
951 
590 
1333 
1409 
1329 
1266 
788 
38 
830 
46 
528 
1285 
981 
627 
1351 
356 
1258 
806 
994 
35 
34 
416 
804 
1189 
931 
615 
1180 
493 
98 
256 
511 
562 
1114 
1379 
1006 
754 
966 
1047 
1022 
339 
1433 
629 
980 
400 
1334 
804 
268 
854 
1449 
754 
1184 
1171 
339 
89 
641 
198 
1147 
644 
1291 
801 
62 
780 
451 
283 
1317 
1212 
885 
133 
46 
1033 
917 
754 
598 
1053 
1006 
652 
416 
578 
856 
266 
35 
543 
1328 
865 
1401 
348 
545 
477 
596 
269 
336 
1239 
817 
279 
772 
370 
414 
103 
528 
1250 
1244 
537 
115 
774 
1152 
820 
44 
428 
515 
531 
855 
1218 
903 
368 
1001 
325 
183 
938 
204 
1174 
1328 
1328 
427 
1439 
1147 
981 
264 
785 
820 
1071 
144 
1347 
702 
950 
1114 
322 
856 
1158 
562 
167 
720 
480 
408 
138 
456 
967 
801 
66 
1133 
325 
549 
967 
356 
878 
1334 
1161 
802 
1207 
37 
793 
195 
307 
256 
226 
1332 
12 
198 
1147 
204 
275 
696 
204 
493 
174 
421 
1178 
446 
1002 
874 
1291 
831 
598 
70 
499 
133 
1040 
564 
513 
356 
302 
1426 
1146 
1259 
500 
757 
817 
781 
937 
1142 
76 
878 
896 
154 
1089 
1329 
1141 
671 
949 
215 
1155 
116 
1339 
1113 
42 
554 
199 
831 
1185 
306 
384 
597 
629 
167 
988 
328 
1255 
544 
1112 
610 
5 
514 
578 
145 
1355 
16 
588 
620 
332 
920 
34 
66 
325 
439 
872 
347 
757 
962 
773 
269 
296 
545 
1033 
1235 
881 
233 
626 
1412 
1006 
1104 
130 
1329 
416 
288 
902 
846 
1119 
1070 
1310 
28 
418 
496 
236 
255 
1169 
1064 
945 
802 
237 
422 
1291 
1307 
450 
177 
668 
1250 
890 
195 
801 
1291 
939 
562 
357 
272 
820 
130 
290 
1401 
921 
1250 
204 
865 
450 
521 
233 
