1005 524 883 
576 252 857 
1228 786 555 
255 191 190 
413 453 59 
826 1129 1432 
578 688 465 
919 1145 501 
642 281 1014 
513 338 207 
136 330 369 
217 491 989 
767 1024 725 
952 242 1072 
1207 759 545 
1092 1424 1375 
1114 507 56 
216 1099 1209 
1434 1367 1121 
494 216 493 
1266 445 442 
169 636 373 
1410 337 1288 
607 846 942 
574 1049 619 
533 562 780 
941 682 850 
943 745 882 
870 556 1077 
1113 949 887 
899 186 96 
1380 896 854 
604 887 297 
894 1137 59 
452 799 537 
437 753 923 
42 1123 341 
1265 380 1207 
609 937 618 
612 591 23 
39 917 591 
159 802 1182 
36 620 341 
284 756 807 
554 314 435 
381 342 522 
373 1366 169 
854 779 1040 
1329 405 941 
1275 616 1308 
1434 890 377 
877 372 823 
886 7 883 
798 1336 216 
806 453 400 
1072 952 240 
1025 165 779 
859 526 1024 
1084 639 1402 
917 242 922 
845 589 239 
1316 381 901 
906 705 272 
59 917 731 
1411 1042 59 
952 453 367 
241 1398 635 
998 22 145 
1152 954 1252 
693 721 573 
919 850 1252 
1117 671 1289 
713 382 1402 
1077 1311 338 
1223 1169 675 
876 1202 956 
441 94 1047 
171 1339 540 
727 317 1412 
782 839 943 
11 491 1410 
203 37 1265 
993 662 60 
872 609 854 
352 551 311 
501 414 428 
1439 342 854 
201 887 757 
882 956 86 
1147 414 85 
263 1389 27 
1114 941 846 
1103 848 1145 
886 1446 1252 
1343 873 770 
1244 515 616 
534 828 30 
787 764 1175 
880 616 585 
485 994 1172 
115 287 1245 
1225 989 330 
648 1411 1042 
699 181 398 
102 476 286 
720 725 12 
202 856 948 
858 462 372 
1054 392 455 
948 1405 285 
943 754 297 
906 427 683 
959 919 1415 
607 713 448 
1053 529 848 
100 1123 1245 
372 1296 703 
620 1001 631 
462 391 789 
190 1247 780 
577 1003 1042 
83 1121 971 
1185 745 792 
907 132 1148 
731 645 632 
853 217 1396 
918 1367 94 
1351 767 12 
378 404 757 
638 388 507 
637 503 216 
239 882 86 
907 337 191 
156 848 1221 
718 1304 1024 
1384 639 1343 
1335 330 794 
1129 199 51 
876 931 170 
213 1398 178 
526 497 12 
629 1129 476 
589 473 239 
140 767 12 
732 507 749 
1410 323 834 
171 189 2 
518 1212 353 
824 459 848 
1209 800 854 
833 94 1172 
553 943 224 
948 1412 372 
827 159 959 
526 324 497 
616 931 1351 
133 985 1290 
1446 112 959 
494 397 286 
1255 300 7 
1189 1442 1201 
713 352 847 
620 96 554 
514 502 400 
889 216 494 
1025 779 173 
793 220 1054 
833 581 256 
1368 743 528 
636 525 21 
709 459 848 
931 189 1024 
575 521 712 
943 165 352 
205 532 854 
848 1290 370 
1306 139 193 
1138 1174 1278 
1398 1365 1034 
1004 1177 12 
1032 52 754 
398 103 699 
86 27 1119 
203 1087 1265 
187 607 503 
500 757 1229 
217 395 854 
349 250 1339 
1351 669 1446 
171 244 1122 
191 495 119 
1050 190 1247 
946 1212 518 
979 677 245 
1021 1017 617 
381 889 53 
708 1065 1216 
320 1404 239 
450 1281 436 
817 797 137 
414 726 568 
87 943 381 
106 773 906 
183 1087 1265 
627 238 1336 
800 750 1209 
1293 543 486 
514 1397 1083 
449 662 338 
979 1281 1204 
23 1125 713 
202 563 30 
724 475 813 
1197 139 178 
496 544 96 
1008 638 702 
17 988 164 
833 1388 264 
1088 767 12 
1206 247 675 
1054 1403 988 
310 965 728 
1064 136 1141 
536 116 935 
239 151 467 
1446 1024 607 
372 1400 948 
23 1078 1276 
202 104 30 
1384 686 42 
1424 784 165 
1335 378 574 
1183 1260 215 
453 870 28 
271 884 1174 
360 869 534 
1071 204 839 
392 767 12 
204 745 956 
224 553 240 
239 854 797 
640 258 66 
757 1286 59 
7 979 276 
171 189 1331 
1034 865 1358 
985 594 940 
1376 346 1053 
1160 204 1336 
1225 674 145 
1099 1233 746 
736 633 1442 
414 576 726 
272 889 558 
263 607 1099 
947 1186 562 
833 617 577 
42 826 96 
640 434 897 
875 357 1379 
215 746 979 
1004 1388 1056 
342 86 618 
90 607 334 
757 217 1388 
653 494 1418 
1242 1284 434 
704 1348 108 
1062 351 414 
789 462 118 
278 51 894 
884 234 931 
906 486 882 
355 941 595 
381 212 724 
1301 1354 1181 
1221 1024 1244 
1201 115 901 
943 381 553 
382 969 581 
292 876 709 
321 8 850 
211 1179 1414 
863 1095 328 
1411 458 575 
94 600 1342 
19 494 224 
766 811 100 
352 1236 1429 
720 1088 105 
169 525 636 
1158 574 559 
568 414 1018 
1156 361 98 
977 622 564 
1230 1171 1446 
1053 640 399 
952 453 514 
444 846 642 
604 493 787 
1255 159 479 
550 94 861 
215 979 1281 
1368 92 722 
1014 324 941 
989 1203 825 
1122 1266 171 
743 1277 526 
969 943 1160 
882 500 782 
1208 965 221 
84 1375 1229 
823 809 877 
1233 1218 205 
44 826 716 
356 948 600 
1388 757 264 
78 727 1412 
1421 726 1147 
414 75 1182 
197 882 240 
281 919 7 
1195 898 622 
145 123 1410 
1277 1323 979 
843 159 1221 
1237 507 362 
1384 20 94 
283 863 1021 
1144 676 974 
136 794 10 
436 979 743 
1221 159 414 
1304 1024 717 
263 1240 499 
177 876 1446 
243 1446 1099 
1186 255 907 
1404 536 28 
1209 1020 560 
739 607 225 
873 356 952 
86 1450 1439 
745 767 12 
1420 21 478 
400 342 1293 
247 1376 1028 
414 1350 85 
145 1410 998 
187 607 1024 
1047 629 620 
1084 757 1062 
581 585 161 
1092 917 518 
645 400 1236 
273 1433 1014 
315 341 861 
875 1379 259 
136 794 1212 
465 6 527 
534 96 906 
1138 95 177 
258 749 897 
258 21 897 
915 1007 1296 
874 190 1061 
1432 906 102 
1091 949 779 
1053 1351 215 
950 1325 10 
1006 1013 676 
391 1003 462 
823 226 1296 
169 21 636 
671 414 89 
770 1166 94 
989 512 853 
1069 890 637 
128 754 952 
1053 368 640 
1207 1265 37 
629 779 798 
1033 794 942 
691 1343 565 
883 392 12 
702 1253 1024 
1351 959 49 
96 970 826 
1034 258 434 
767 12 1328 
1076 203 171 
371 118 462 
471 389 105 
341 30 94 
876 646 931 
493 186 823 
1288 23 834 
905 494 19 
181 103 499 
296 1354 1358 
514 1209 1380 
988 216 240 
17 721 1209 
940 21 1277 
1089 128 538 
245 193 865 
620 554 141 
210 1372 140 
435 94 994 
702 258 528 
931 171 12 
1290 1108 859 
416 585 570 
59 922 894 
85 200 252 
514 560 1299 
412 839 697 
948 315 994 
255 1225 947 
837 1174 1278 
1127 1366 1043 
524 189 585 
1327 1197 1151 
509 754 894 
967 405 273 
919 382 1252 
1349 767 12 
703 906 272 
85 1147 1138 
392 1049 24 
1323 403 307 
288 500 745 
740 736 1442 
742 889 1042 
1181 258 266 
565 408 44 
1108 1371 1006 
850 967 754 
323 463 337 
823 536 1224 
976 769 1334 
847 47 503 
412 745 720 
507 1204 392 
609 298 481 
730 20 1266 
1096 1388 794 
321 140 281 
910 1255 802 
118 1031 1077 
198 1281 1191 
205 1020 800 
577 217 799 
551 297 1093 
807 950 136 
967 389 1139 
1043 525 1108 
952 381 239 
1054 518 575 
170 848 986 
526 21 373 
1281 1275 12 
1003 118 1296 
998 1186 323 
1266 720 702 
6 1428 801 
170 1145 1013 
536 797 224 
975 876 95 
245 405 26 
954 382 1359 
392 540 804 
766 1385 1167 
1077 556 799 
782 102 1042 
845 212 882 
141 629 217 
484 911 418 
859 1176 344 
1255 1147 414 
1221 1255 913 
1329 8 1341 
1004 177 1149 
577 799 1003 
477 989 123 
590 99 464 
823 206 1067 
1 898 731 
1424 499 1240 
292 89 975 
585 782 0 
989 11 125 
767 12 1237 
395 27 19 
536 618 19 
190 1055 1061 
828 1395 544 
859 140 501 
1075 766 1283 
647 1424 784 
1004 518 242 
85 1147 827 
1209 854 988 
618 47 847 
107 1106 727 
1106 1412 1224 
97 397 705 
702 373 1237 
98 361 1145 
423 894 467 
1133 824 582 
617 577 1311 
808 838 896 
9 556 400 
1375 400 31 
1244 1174 95 
1077 457 823 
1339 607 187 
767 12 1054 
42 126 861 
1374 507 1237 
601 1230 941 
31 1077 240 
449 823 937 
0 884 585 
1043 456 436 
21 169 525 
818 659 1434 
168 768 307 
876 114 1028 
206 841 338 
711 1060 86 
886 854 174 
25 357 1379 
1340 360 467 
398 699 706 
494 937 338 
896 174 1002 
1002 400 757 
939 1411 604 
471 1339 883 
255 3 1186 
980 499 679 
206 683 703 
554 565 317 
1321 1265 183 
692 826 1052 
881 865 1034 
1057 637 1122 
1396 620 631 
301 838 1258 
854 281 453 
1347 542 126 
757 839 952 
544 565 849 
2 500 574 
870 28 473 
2 507 129 
1293 486 543 
941 957 1070 
1209 854 883 
536 371 391 
255 1211 874 
30 637 889 
1066 891 1115 
554 826 435 
661 1029 1386 
145 1205 834 
709 200 292 
906 278 299 
581 412 742 
341 94 51 
1446 658 1054 
1313 174 503 
1237 767 12 
632 1388 1417 
414 1259 568 
120 483 1003 
688 6 1251 
94 301 920 
1039 1339 1032 
570 352 585 
1156 1299 876 
827 725 1117 
992 1191 420 
883 412 884 
363 574 1228 
950 136 912 
607 1221 702 
239 453 142 
1266 485 306 
39 798 500 
130 609 637 
468 138 876 
1244 985 246 
273 677 941 
690 210 942 
822 352 256 
674 418 783 
1054 1403 575 
94 285 1343 
1304 1049 1054 
103 181 1015 
547 507 362 
1313 1411 299 
631 51 351 
682 850 642 
588 276 1221 
948 341 372 
444 1063 38 
281 210 453 
785 1005 1057 
412 949 416 
1146 801 350 
631 406 544 
1415 794 839 
1244 95 1174 
256 577 833 
937 503 494 
574 1374 193 
1001 42 631 
48 1399 424 
891 165 503 
179 1152 831 
1388 471 12 
119 780 1247 
931 1351 1278 
204 585 416 
1114 941 1309 
381 141 935 
1065 500 656 
1343 691 565 
575 1160 124 
1189 251 215 
1424 1090 68 
1379 842 357 
525 1043 169 
130 216 19 
215 1008 771 
1047 1387 1400 
258 1022 296 
1446 175 607 
8 682 1380 
1089 877 645 
499 980 647 
1299 585 354 
394 831 878 
499 831 804 
575 102 500 
959 1446 31 
1348 499 1230 
994 417 1047 
215 749 429 
905 637 130 
921 224 1409 
1084 1384 1062 
59 242 1092 
941 307 140 
414 1286 200 
918 42 527 
767 12 725 
876 1028 347 
208 60 320 
1196 1190 1295 
1374 979 1014 
631 620 1001 
1087 205 140 
565 1303 826 
885 564 472 
159 767 12 
767 12 804 
808 414 71 
1389 818 902 
830 754 637 
1225 598 484 
1053 1169 640 
456 1006 1108 
1277 1323 324 
414 825 1272 
559 941 1446 
788 937 315 
275 258 1398 
642 281 850 
543 906 536 
838 1005 537 
388 749 528 
762 656 147 
1216 11 834 
578 6 1251 
341 549 613 
596 210 942 
1445 78 727 
546 826 435 
798 75 917 
317 816 1224 
613 1285 801 
772 994 94 
85 414 501 
189 306 464 
103 181 398 
1013 168 525 
1209 149 1003 
276 507 1281 
427 78 116 
954 1037 786 
1409 51 823 
398 699 103 
453 538 400 
601 134 941 
170 568 714 
616 49 515 
531 1060 86 
172 92 443 
1027 919 1351 
709 170 568 
324 528 979 
51 1437 314 
1024 276 12 
134 1024 1422 
1141 222 807 
105 725 12 
205 720 717 
307 528 1277 
1401 1058 770 
808 217 1258 
767 12 105 
200 414 1147 
78 317 1412 
116 97 823 
745 612 1331 
445 1266 590 
124 414 319 
1327 749 245 
891 622 1115 
501 859 1145 
133 200 1350 
251 160 528 
51 30 817 
943 556 240 
446 60 340 
251 736 1442 
1445 341 691 
570 581 1159 
169 168 373 
948 1400 94 
1160 27 839 
1329 1374 979 
1249 574 908 
1159 77 306 
722 258 528 
800 1209 205 
798 1060 754 
1038 798 905 
850 923 1369 
574 850 12 
697 414 831 
147 632 43 
553 1388 205 
1160 1343 627 
14 1422 1207 
1176 526 344 
620 1052 856 
647 147 1071 
767 12 850 
1072 207 536 
228 620 826 
1390 1075 811 
12 1024 725 
198 528 940 
848 7 1351 
94 375 1343 
1008 258 1223 
696 994 94 
849 631 78 
550 921 141 
240 174 1060 
877 643 762 
1104 1322 1111 
534 60 894 
1002 854 969 
1247 190 119 
1117 85 159 
1411 79 798 
484 1396 911 
1424 499 812 
1069 1122 27 
767 12 957 
97 494 27 
341 1224 1357 
118 462 1296 
1132 344 794 
810 442 238 
919 1351 1446 
381 969 166 
942 883 382 
1336 147 1300 
1052 629 94 
240 372 467 
75 782 1446 
514 1016 483 
1305 205 1099 
1146 613 76 
886 448 1375 
285 1418 173 
743 169 944 
503 1025 589 
1063 453 514 
454 912 1141 
414 839 671 
1160 312 1091 
189 889 238 
766 1390 1075 
553 1311 1137 
217 833 922 
509 1113 882 
906 648 973 
372 1296 1085 
199 1224 449 
1274 527 578 
1447 140 412 
889 204 216 
1388 952 1072 
597 352 256 
312 372 536 
714 1212 1427 
414 1236 678 
565 314 42 
501 1289 7 
96 78 427 
1357 788 317 
1025 1099 1083 
200 414 697 
1246 1312 996 
217 256 514 
145 348 1381 
1001 1166 620 
378 297 806 
95 1244 515 
512 794 581 
808 414 553 
899 620 578 
473 522 28 
635 1379 357 
159 325 300 
278 514 1403 
475 493 60 
23 553 839 
161 1099 800 
986 170 1219 
554 773 544 
919 281 827 
749 344 399 
1054 1158 795 
125 1101 823 
969 779 750 
692 55 94 
96 620 828 
1427 576 1259 
107 125 853 
21 1290 478 
1353 1099 642 
301 356 600 
1149 1252 180 
1042 283 457 
943 556 894 
1034 388 245 
767 12 883 
188 936 1093 
854 1403 1004 
1069 1111 1040 
28 556 1077 
562 119 191 
609 830 1404 
341 94 952 
191 1050 1247 
357 259 1379 
468 975 170 
51 643 312 
1244 276 594 
882 216 693 
1053 501 159 
507 405 245 
27 693 920 
1024 1339 12 
271 234 177 
668 834 125 
52 802 900 
757 453 949 
1146 406 162 
204 164 820 
1387 639 1047 
1115 969 216 
1205 495 1061 
1169 675 1053 
33 922 1402 
1134 1389 90 
1375 159 31 
258 1284 515 
147 414 1272 
30 1444 315 
1244 886 515 
1312 839 1240 
445 590 1104 
1282 318 859 
571 1048 278 
536 943 494 
