1174 448 578 
931 271 626 
555 1349 235 
907 132 598 
948 149 135 
831 782 1208 
14 37 456 
1250 1431 1209 
758 324 1339 
923 35 864 
1439 342 1064 
989 217 323 
767 831 753 
1322 499 276 
1207 1264 759 
991 1149 103 
254 1322 180 
1041 1076 1203 
222 851 1034 
1388 458 286 
1152 264 1266 
1023 1087 1064 
1217 874 255 
1130 910 1375 
528 1328 1306 
562 1302 1050 
35 963 86 
1388 711 531 
870 915 327 
42 1322 1114 
336 350 316 
1443 606 806 
76 801 47 
840 503 182 
969 622 1199 
682 967 621 
1072 393 949 
545 380 1207 
609 684 1329 
606 1005 154 
805 1114 475 
932 1421 1153 
29 97 588 
1322 136 1193 
218 708 626 
76 1209 1133 
1366 957 1204 
792 629 1239 
1329 972 1328 
292 1244 254 
967 754 612 
728 264 353 
1187 545 1382 
237 43 820 
645 350 75 
393 42 993 
872 1384 1123 
1043 1064 1024 
479 344 720 
15 646 991 
1114 457 872 
1325 147 1338 
662 906 29 
426 517 137 
1149 629 1033 
384 254 821 
357 1379 875 
477 947 989 
175 582 960 
1423 1424 1265 
245 784 260 
688 578 1212 
1278 1218 1073 
1000 70 1311 
1206 357 893 
350 757 582 
801 748 1291 
456 1334 333 
1296 505 558 
754 488 263 
858 1312 504 
1265 1321 1172 
67 1114 871 
867 1433 1239 
1092 30 1209 
1147 414 626 
1439 342 1239 
820 577 134 
464 901 204 
655 175 899 
42 1204 315 
852 1176 1011 
1371 292 1087 
1143 1250 167 
950 899 393 
1244 1028 177 
1092 30 1382 
42 988 494 
585 627 669 
1251 1087 899 
1316 115 1201 
989 598 549 
397 147 53 
699 1184 15 
1208 211 314 
720 1219 398 
964 566 31 
687 1216 691 
204 720 234 
320 1312 1027 
856 1312 680 
838 558 620 
1415 1203 781 
1384 577 1217 
1251 167 1203 
1316 42 1082 
981 534 1300 
197 1311 696 
915 467 462 
1247 1271 101 
319 226 1003 
1135 469 685 
757 1291 792 
1314 255 477 
1239 690 596 
1186 337 598 
1049 863 36 
461 1255 669 
45 801 1029 
326 1376 1413 
622 861 1377 
823 1077 1343 
337 598 255 
786 528 325 
1304 1013 333 
899 1375 802 
1291 307 154 
63 141 544 
133 528 786 
1183 1158 1197 
460 721 37 
945 264 1285 
1450 750 781 
624 154 1174 
732 1202 392 
834 337 907 
1053 962 1349 
164 148 756 
147 980 136 
802 463 135 
994 173 620 
945 1246 969 
921 578 981 
770 827 1024 
1291 136 480 
1262 325 515 
103 411 1184 
615 1182 252 
334 646 397 
276 1322 41 
1265 1302 325 
47 847 757 
782 831 12 
1299 1236 921 
781 204 588 
838 475 979 
347 588 1014 
30 750 886 
528 133 786 
450 903 200 
331 1144 985 
306 781 1180 
528 786 1344 
350 1030 336 
1087 578 720 
68 1043 582 
528 1328 168 
884 234 218 
1206 1365 865 
767 12 518 
16 254 836 
103 398 499 
1119 325 356 
203 1264 1087 
302 594 393 
1336 974 64 
981 1014 921 
1114 426 941 
917 1119 182 
700 1118 672 
1231 1288 365 
255 780 1061 
946 127 461 
606 941 1184 
1333 350 1092 
820 1146 762 
359 1196 1222 
899 981 812 
768 1064 734 
817 856 51 
734 794 169 
1293 895 1068 
1310 815 869 
183 37 1087 
588 594 720 
1020 1395 339 
1443 31 1116 
946 192 978 
1273 449 662 
1281 1159 313 
175 594 760 
818 1361 831 
1291 404 1203 
842 1428 685 
233 486 206 
638 368 66 
965 1081 1168 
30 1357 1092 
177 884 582 
275 1206 893 
952 108 461 
1209 886 969 
1008 1022 357 
494 965 886 
356 617 534 
804 1036 412 
948 765 417 
1161 757 532 
1257 819 283 
949 579 41 
535 1399 1424 
903 169 714 
562 209 1386 
754 644 1116 
177 884 1244 
1378 1398 275 
482 1291 493 
1423 1239 1114 
1097 417 620 
955 806 451 
1370 1077 534 
275 1053 771 
1426 581 629 
14 37 545 
1237 417 529 
70 260 784 
594 456 333 
1451 1348 1096 
204 899 720 
916 396 1186 
1229 913 1450 
967 1291 1328 
615 900 279 
1057 1248 475 
1266 49 204 
1314 947 1050 
397 1384 494 
375 949 988 
422 290 810 
1169 1379 357 
245 70 1076 
5 42 90 
35 682 967 
1262 1019 1328 
820 1285 1032 
1169 675 1053 
331 1108 986 
1154 1171 1152 
627 658 726 
691 473 556 
544 1123 1333 
884 931 626 
939 927 896 
1159 1433 1328 
937 1016 799 
1271 702 95 
588 878 802 
761 1014 355 
1241 347 942 
886 534 671 
1219 1251 450 
324 861 1444 
882 938 609 
646 863 295 
1416 200 951 
551 35 130 
488 79 471 
1382 582 750 
35 864 551 
1251 204 1213 
1151 422 258 
1350 384 773 
456 49 702 
361 1095 599 
1276 322 668 
416 988 521 
1271 1053 1028 
71 948 1241 
794 356 234 
899 629 774 
1255 356 594 
164 393 1100 
1308 184 884 
621 35 405 
237 1180 1291 
1133 671 969 
820 171 1122 
324 136 168 
730 1080 212 
893 1073 1426 
1337 1175 773 
387 1352 658 
1081 1033 853 
1159 325 1291 
716 521 846 
899 1219 794 
1131 1209 350 
94 217 116 
931 450 658 
724 1092 1300 
981 948 1187 
666 324 1317 
737 933 981 
1234 598 1186 
1277 307 527 
843 515 133 
1376 129 507 
592 870 28 
678 863 416 
411 1193 49 
1064 1087 873 
1013 266 1371 
95 839 234 
456 594 246 
1152 1182 108 
237 526 1423 
30 350 84 
947 132 598 
513 882 799 
1303 757 1426 
1303 757 404 
863 846 416 
1439 10 237 
1328 528 1291 
1219 720 58 
1439 404 1291 
1349 235 458 
846 1241 1375 
916 396 989 
175 781 582 
75 1333 1131 
1427 1071 605 
1209 1033 1285 
264 1092 728 
400 645 618 
499 1359 503 
182 300 1119 
893 74 259 
672 917 1383 
436 875 524 
1309 44 599 
293 1095 1138 
638 1386 209 
880 290 422 
915 513 1029 
1061 874 22 
646 416 283 
746 1091 164 
966 1206 893 
1080 212 392 
1141 177 218 
808 1357 629 
226 724 427 
944 1170 1337 
988 20 644 
257 988 44 
1101 853 947 
1298 432 528 
1192 494 108 
1206 1053 1108 
1207 37 545 
71 1241 1017 
1033 1122 68 
629 774 1129 
794 782 393 
601 1048 837 
1182 278 617 
658 257 1401 
1349 1008 555 
148 763 1044 
801 306 661 
1270 812 617 
404 805 1089 
204 588 1124 
568 292 1318 
116 1357 1300 
495 463 418 
256 59 102 
103 1262 720 
74 1244 594 
1299 1408 354 
441 1033 382 
535 503 1394 
21 768 1174 
1239 124 1298 
1070 722 621 
1067 1092 981 
962 1251 848 
744 565 861 
962 1242 296 
1177 295 708 
1028 456 985 
464 878 234 
1409 774 86 
85 794 501 
1209 336 1397 
646 517 563 
116 948 226 
1302 567 1055 
1099 76 1359 
292 702 1244 
776 87 216 
258 290 1151 
509 938 1128 
967 1328 606 
802 127 461 
878 588 276 
724 899 981 
985 1028 709 
872 1288 40 
1249 972 405 
767 12 27 
1205 1328 418 
631 41 1318 
1358 1354 1181 
629 1129 554 
1108 466 1006 
1110 850 531 
949 1186 337 
298 488 1361 
382 976 1334 
76 801 1033 
1266 234 1375 
1040 172 412 
1119 1424 1291 
628 1291 1118 
1401 1340 387 
941 526 1064 
1174 578 721 
1031 73 208 
903 794 169 
772 696 417 
1291 1359 620 
606 1005 682 
672 551 1215 
1019 398 154 
1043 525 333 
1403 1112 272 
521 1054 716 
1006 466 1108 
140 37 974 
127 781 1275 
703 556 1419 
396 418 477 
412 878 720 
1087 759 1422 
436 1108 568 
353 118 206 
975 95 1004 
121 1104 685 
306 603 590 
1019 488 108 
1115 1155 948 
269 703 78 
931 658 500 
1118 793 1359 
1092 102 1392 
989 1225 1217 
1117 859 1006 
688 204 1024 
1122 1244 456 
910 1291 39 
236 479 1258 
1003 1430 118 
970 598 125 
1423 69 1328 
779 948 1067 
271 667 64 
218 398 1171 
671 568 572 
769 356 480 
549 1186 989 
807 1163 1447 
629 1239 899 
1384 949 1072 
396 337 418 
872 475 417 
471 540 384 
1075 1155 287 
154 355 1114 
795 1449 839 
292 1141 884 
808 899 242 
1394 1120 1424 
549 989 491 
78 1296 937 
1081 393 579 
235 370 46 
276 1193 588 
423 938 531 
675 545 365 
632 70 117 
1131 1092 899 
1329 1080 364 
942 617 832 
786 325 133 
1077 822 597 
412 878 416 
204 234 626 
445 1184 1341 
1074 1420 521 
1348 458 1166 
694 943 817 
530 1412 80 
359 962 1228 
1043 456 986 
1043 1064 1023 
878 412 324 
133 168 1328 
1384 1251 127 
891 338 858 
711 754 488 
578 1087 1172 
3 1169 132 
999 1092 582 
230 103 1424 
356 1119 182 
130 1450 703 
1020 1426 1212 
964 754 1287 
794 414 584 
1225 255 874 
958 1265 1087 
969 475 683 
404 1333 816 
37 380 688 
147 416 397 
66 1271 1386 
263 952 1019 
1217 598 989 
854 512 750 
288 130 35 
1239 1015 1291 
922 899 671 
981 629 493 
2 1378 235 
462 269 744 
37 380 1207 
1298 272 806 
941 21 69 
949 248 1020 
427 1270 135 
25 1302 1050 
416 588 973 
369 1080 355 
671 981 554 
1344 1262 754 
1302 1205 418 
450 1334 466 
1405 665 1309 
988 95 837 
646 1166 653 
1147 456 333 
1032 1133 1146 
1110 1227 437 
716 458 1049 
1163 148 389 
615 113 494 
921 1087 802 
393 94 229 
1184 806 212 
578 1426 596 
1073 177 218 
1235 884 781 
540 951 903 
98 615 234 
811 423 719 
1014 1167 264 
276 878 1244 
404 1080 237 
411 1447 306 
612 475 128 
364 35 967 
1161 416 980 
1244 246 1255 
864 990 1135 
690 1239 1423 
822 617 1229 
132 337 1225 
1348 1095 831 
278 1059 532 
385 708 1048 
951 584 1204 
590 470 944 
1333 512 35 
1409 864 281 
1329 453 35 
1266 588 248 
788 206 789 
38 1329 513 
830 939 33 
46 670 1366 
528 992 1394 
1285 1146 1033 
981 798 427 
627 577 671 
1351 177 1130 
356 750 1270 
1258 927 236 
806 1288 547 
994 1333 350 
35 682 528 
34 130 1199 
416 295 1348 
804 105 1114 
1189 80 858 
931 95 177 
615 98 1147 
1180 445 979 
493 1426 1239 
98 500 1435 
256 41 417 
511 73 1000 
562 1157 672 
1114 204 15 
1379 1386 925 
1006 859 940 
754 950 612 
966 528 333 
1047 896 1002 
1022 501 241 
339 656 1303 
1433 867 1423 
629 441 1124 
980 233 417 
400 899 1119 
1334 416 795 
804 225 499 
268 446 414 
854 1450 1131 
1449 108 754 
754 356 994 
1184 1011 1266 
1171 1401 1421 
339 629 1239 
89 1071 873 
641 64 1334 
198 768 447 
1147 931 268 
644 825 988 
1291 1073 1344 
801 390 456 
62 1115 845 
780 396 1295 
451 1025 320 
283 500 1309 
1317 37 321 
1212 629 878 
885 1385 1216 
133 188 1119 
46 1134 42 
1033 808 1339 
917 182 188 
754 1110 531 
598 125 783 
1053 1169 893 
1006 456 1371 
652 321 992 
416 646 328 
578 1291 333 
856 233 27 
266 275 1319 
35 621 606 
543 703 622 
1328 1394 1118 
865 324 368 
1401 973 347 
348 916 1216 
545 14 1087 
477 995 1225 
596 1239 1423 
269 1045 473 
336 899 173 
1239 1424 503 
817 943 522 
279 221 312 
772 451 597 
370 332 268 
414 1349 640 
103 1184 852 
528 133 1328 
1250 1270 1232 
1244 95 594 
537 1296 622 
115 1322 588 
774 493 1129 
1152 941 1114 
820 1387 801 
44 1048 347 
428 1028 411 
515 786 138 
531 754 488 
855 528 303 
1218 1073 720 
903 268 1427 
368 833 215 
1001 458 575 
325 843 160 
183 1172 452 
938 1237 437 
204 878 1174 
1174 1291 1265 
1328 528 405 
1328 528 843 
427 899 921 
1439 324 941 
1147 1219 794 
981 117 427 
264 1382 130 
785 763 144 
820 1146 757 
1071 71 1212 
144 392 557 
1347 861 457 
702 313 200 
950 786 133 
1114 941 105 
322 933 1092 
856 1412 60 
1158 672 1344 
562 25 1183 
167 1143 52 
720 1255 248 
480 1013 307 
408 1089 948 
138 288 527 
456 234 1073 
967 35 682 
801 76 1146 
66 842 990 
1133 801 582 
325 1423 528 
549 907 440 
967 168 307 
356 967 651 
878 786 204 
1334 64 646 
1161 1209 339 
802 1020 578 
1207 14 380 
37 1087 1263 
793 1215 896 
195 748 76 
307 1219 948 
256 1384 494 
226 372 1115 
1332 1075 1385 
12 831 753 
198 21 1064 
1147 480 884 
204 720 1291 
275 241 1271 
696 451 597 
204 588 720 
493 1414 899 
174 503 1399 
421 1046 1072 
1178 1109 872 
446 1042 1401 
1002 1089 532 
874 191 25 
1291 461 801 
831 794 162 
598 907 132 
70 245 1311 
499 187 392 
133 515 325 
1040 29 941 
564 761 573 
513 364 799 
356 650 896 
302 184 948 
1426 1073 1291 
1146 475 748 
1259 450 626 
500 646 1336 
757 404 75 
817 110 199 
781 582 349 
937 364 1085 
1142 969 671 
76 1146 1209 
878 578 1375 
896 840 639 
154 527 720 
1089 392 1298 
1329 606 1005 
1141 353 1053 
671 899 371 
949 204 393 
215 368 893 
1155 967 498 
116 981 994 
1339 512 812 
1113 129 509 
42 904 563 
554 435 879 
199 694 1224 
831 211 782 
1185 102 1163 
306 801 730 
384 65 680 
597 617 1229 
629 1209 316 
167 93 1092 
988 332 931 
328 815 563 
1255 1147 234 
544 774 816 
1112 725 342 
610 1424 513 
5 782 794 
514 658 278 
578 1086 1020 
145 1225 337 
1355 819 19 
16 1384 393 
588 702 1244 
620 404 1333 
332 500 626 
920 33 1377 
34 935 867 
66 259 357 
325 786 133 
439 378 1339 
872 60 457 
347 866 234 
757 1209 161 
962 1006 903 
773 42 817 
269 473 531 
296 1008 1271 
545 1371 456 
1033 477 541 
1235 512 1212 
881 684 445 
233 680 1224 
626 794 450 
1412 891 80 
1006 1192 884 
1104 469 806 
130 671 1099 
1329 801 606 
416 341 500 
288 34 745 
902 1379 66 
846 412 1348 
1119 1423 642 
1070 786 950 
1310 815 1048 
28 915 327 
418 874 780 
496 805 417 
236 330 493 
255 22 780 
1169 357 66 
1064 1023 1290 
945 312 1067 
802 456 588 
237 435 404 
422 918 318 
1291 313 1159 
1307 684 1394 
450 315 169 
177 234 218 
668 376 916 
1250 582 1209 
890 389 1393 
195 1285 613 
801 441 1032 
1291 1387 404 
939 1273 250 
562 418 25 
357 675 1169 
272 400 364 
820 1122 801 
130 272 639 
290 1151 880 
1401 653 1171 
921 999 981 
1250 1255 582 
204 720 629 
865 66 685 
450 169 794 
521 815 1048 
233 206 813 
1174 448 578 
931 271 626 
555 1349 235 
907 132 598 
948 149 135 
831 782 1208 
14 37 456 
1250 1431 1209 
758 324 1339 
923 35 864 
1439 342 1064 
989 217 323 
767 831 753 
1322 499 276 
1207 1264 759 
991 1149 103 
254 1322 180 
1041 1076 1203 
222 851 1034 
1388 458 286 
1152 264 1266 
1023 1087 1064 
1217 874 255 
1130 910 1375 
528 1328 1306 
562 1302 1050 
35 963 86 
1388 711 531 
870 915 327 
42 1322 1114 
336 350 316 
1443 606 806 
76 801 47 
840 503 182 
969 622 1199 
682 967 621 
1072 393 949 
545 380 1207 
609 684 1329 
606 1005 154 
805 1114 475 
932 1421 1153 
29 97 588 
1322 136 1193 
218 708 626 
76 1209 1133 
1366 957 1204 
792 629 1239 
1329 972 1328 
292 1244 254 
967 754 612 
728 264 353 
1187 545 1382 
237 43 820 
645 350 75 
393 42 993 
872 1384 1123 
1043 1064 1024 
479 344 720 
15 646 991 
1114 457 872 
1325 147 1338 
662 906 29 
426 517 137 
1149 629 1033 
384 254 821 
357 1379 875 
477 947 989 
175 582 960 
1423 1424 1265 
245 784 260 
688 578 1212 
1278 1218 1073 
1000 70 1311 
1206 357 893 
350 757 582 
801 748 1291 
456 1334 333 
1296 505 558 
754 488 263 
858 1312 504 
1265 1321 1172 
67 1114 871 
867 1433 1239 
1092 30 1209 
1147 414 626 
1439 342 1239 
820 577 134 
464 901 204 
655 175 899 
42 1204 315 
852 1176 1011 
1371 292 1087 
1143 1250 167 
950 899 393 
1244 1028 177 
1092 30 1382 
42 988 494 
585 627 669 
1251 1087 899 
1316 115 1201 
989 598 549 
397 147 53 
699 1184 15 
1208 211 314 
720 1219 398 
964 566 31 
687 1216 691 
204 720 234 
320 1312 1027 
856 1312 680 
838 558 620 
1415 1203 781 
1384 577 1217 
1251 167 1203 
1316 42 1082 
981 534 1300 
197 1311 696 
915 467 462 
1247 1271 101 
319 226 1003 
1135 469 685 
757 1291 792 
1314 255 477 
1239 690 596 
1186 337 598 
1049 863 36 
461 1255 669 
45 801 1029 
326 1376 1413 
622 861 1377 
823 1077 1343 
337 598 255 
786 528 325 
1304 1013 333 
899 1375 802 
1291 307 154 
63 141 544 
133 528 786 
1183 1158 1197 
460 721 37 
945 264 1285 
1450 750 781 
624 154 1174 
732 1202 392 
834 337 907 
1053 962 1349 
164 148 756 
147 980 136 
802 463 135 
994 173 620 
945 1246 969 
921 578 981 
770 827 1024 
1291 136 480 
1262 325 515 
103 411 1184 
615 1182 252 
334 646 397 
276 1322 41 
1265 1302 325 
47 847 757 
782 831 12 
1299 1236 921 
781 204 588 
838 475 979 
347 588 1014 
30 750 886 
528 133 786 
450 903 200 
331 1144 985 
306 781 1180 
528 786 1344 
350 1030 336 
1087 578 720 
68 1043 582 
528 1328 168 
884 234 218 
1206 1365 865 
767 12 518 
16 254 836 
103 398 499 
1119 325 356 
203 1264 1087 
302 594 393 
1336 974 64 
981 1014 921 
1114 426 941 
917 1119 182 
700 1118 672 
1231 1288 365 
255 780 1061 
946 127 461 
606 941 1184 
1333 350 1092 
820 1146 762 
359 1196 1222 
899 981 812 
768 1064 734 
817 856 51 
734 794 169 
1293 895 1068 
1310 815 869 
183 37 1087 
588 594 720 
1020 1395 339 
1443 31 1116 
946 192 978 
1273 449 662 
1281 1159 313 
175 594 760 
818 1361 831 
1291 404 1203 
842 1428 685 
233 486 206 
638 368 66 
965 1081 1168 
30 1357 1092 
177 884 582 
275 1206 893 
952 108 461 
1209 886 969 
1008 1022 357 
494 965 886 
356 617 534 
804 1036 412 
948 765 417 
1161 757 532 
1257 819 283 
949 579 41 
535 1399 1424 
903 169 714 
562 209 1386 
754 644 1116 
177 884 1244 
1378 1398 275 
482 1291 493 
1423 1239 1114 
1097 417 620 
955 806 451 
1370 1077 534 
275 1053 771 
1426 581 629 
14 37 545 
1237 417 529 
70 260 784 
594 456 333 
1451 1348 1096 
204 899 720 
916 396 1186 
1229 913 1450 
967 1291 1328 
615 900 279 
1057 1248 475 
1266 49 204 
1314 947 1050 
397 1384 494 
375 949 988 
422 290 810 
1169 1379 357 
245 70 1076 
5 42 90 
35 682 967 
1262 1019 1328 
820 1285 1032 
1169 675 1053 
331 1108 986 
1154 1171 1152 
627 658 726 
691 473 556 
544 1123 1333 
884 931 626 
939 927 896 
1159 1433 1328 
937 1016 799 
1271 702 95 
588 878 802 
761 1014 355 
1241 347 942 
886 534 671 
1219 1251 450 
324 861 1444 
882 938 609 
646 863 295 
1416 200 951 
551 35 130 
488 79 471 
1382 582 750 
35 864 551 
1251 204 1213 
1151 422 258 
1350 384 773 
456 49 702 
361 1095 599 
1276 322 668 
416 988 521 
1271 1053 1028 
71 948 1241 
794 356 234 
899 629 774 
1255 356 594 
164 393 1100 
1308 184 884 
621 35 405 
237 1180 1291 
1133 671 969 
820 171 1122 
324 136 168 
730 1080 212 
893 1073 1426 
1337 1175 773 
387 1352 658 
1081 1033 853 
1159 325 1291 
716 521 846 
899 1219 794 
1131 1209 350 
94 217 116 
931 450 658 
724 1092 1300 
981 948 1187 
666 324 1317 
737 933 981 
1234 598 1186 
1277 307 527 
843 515 133 
1376 129 507 
592 870 28 
678 863 416 
411 1193 49 
1064 1087 873 
1013 266 1371 
95 839 234 
456 594 246 
1152 1182 108 
237 526 1423 
30 350 84 
947 132 598 
513 882 799 
1303 757 1426 
1303 757 404 
863 846 416 
1439 10 237 
1328 528 1291 
1219 720 58 
1439 404 1291 
1349 235 458 
846 1241 1375 
916 396 989 
175 781 582 
75 1333 1131 
1427 1071 605 
1209 1033 1285 
264 1092 728 
400 645 618 
499 1359 503 
182 300 1119 
893 74 259 
672 917 1383 
436 875 524 
1309 44 599 
293 1095 1138 
638 1386 209 
880 290 422 
915 513 1029 
1061 874 22 
646 416 283 
746 1091 164 
966 1206 893 
1080 212 392 
1141 177 218 
808 1357 629 
226 724 427 
944 1170 1337 
988 20 644 
257 988 44 
1101 853 947 
1298 432 528 
1192 494 108 
1206 1053 1108 
1207 37 545 
71 1241 1017 
1033 1122 68 
629 774 1129 
794 782 393 
601 1048 837 
1182 278 617 
658 257 1401 
1349 1008 555 
148 763 1044 
801 306 661 
1270 812 617 
404 805 1089 
204 588 1124 
568 292 1318 
116 1357 1300 
495 463 418 
256 59 102 
103 1262 720 
74 1244 594 
1299 1408 354 
441 1033 382 
535 503 1394 
21 768 1174 
1239 124 1298 
1070 722 621 
1067 1092 981 
962 1251 848 
744 565 861 
962 1242 296 
1177 295 708 
1028 456 985 
464 878 234 
1409 774 86 
85 794 501 
1209 336 1397 
646 517 563 
116 948 226 
1302 567 1055 
1099 76 1359 
292 702 1244 
776 87 216 
258 290 1151 
509 938 1128 
967 1328 606 
802 127 461 
878 588 276 
724 899 981 
985 1028 709 
872 1288 40 
1249 972 405 
767 12 27 
1205 1328 418 
631 41 1318 
1358 1354 1181 
629 1129 554 
1108 466 1006 
1110 850 531 
949 1186 337 
298 488 1361 
382 976 1334 
76 801 1033 
1266 234 1375 
1040 172 412 
1119 1424 1291 
628 1291 1118 
1401 1340 387 
941 526 1064 
1174 578 721 
1031 73 208 
903 794 169 
772 696 417 
1291 1359 620 
606 1005 682 
672 551 1215 
1019 398 154 
1043 525 333 
1403 1112 272 
521 1054 716 
1006 466 1108 
140 37 974 
127 781 1275 
703 556 1419 
396 418 477 
412 878 720 
1087 759 1422 
436 1108 568 
353 118 206 
975 95 1004 
121 1104 685 
306 603 590 
1019 488 108 
1115 1155 948 
269 703 78 
931 658 500 
1118 793 1359 
1092 102 1392 
989 1225 1217 
1117 859 1006 
688 204 1024 
1122 1244 456 
910 1291 39 
236 479 1258 
1003 1430 118 
970 598 125 
1423 69 1328 
779 948 1067 
271 667 64 
218 398 1171 
671 568 572 
769 356 480 
549 1186 989 
807 1163 1447 
629 1239 899 
1384 949 1072 
396 337 418 
872 475 417 
471 540 384 
1075 1155 287 
154 355 1114 
795 1449 839 
292 1141 884 
808 899 242 
1394 1120 1424 
549 989 491 
78 1296 937 
1081 393 579 
235 370 46 
276 1193 588 
423 938 531 
675 545 365 
632 70 117 
1131 1092 899 
1329 1080 364 
942 617 832 
786 325 133 
1077 822 597 
412 878 416 
204 234 626 
445 1184 1341 
1074 1420 521 
1348 458 1166 
694 943 817 
530 1412 80 
359 962 1228 
1043 456 986 
1043 1064 1023 
878 412 324 
133 168 1328 
1384 1251 127 
891 338 858 
711 754 488 
578 1087 1172 
3 1169 132 
999 1092 582 
230 103 1424 
356 1119 182 
130 1450 703 
1020 1426 1212 
964 754 1287 
794 414 584 
1225 255 874 
958 1265 1087 
969 475 683 
404 1333 816 
37 380 688 
147 416 397 
66 1271 1386 
263 952 1019 
1217 598 989 
854 512 750 
288 130 35 
1239 1015 1291 
922 899 671 
981 629 493 
2 1378 235 
462 269 744 
37 380 1207 
1298 272 806 
941 21 69 
949 248 1020 
427 1270 135 
25 1302 1050 
416 588 973 
369 1080 355 
671 981 554 
1344 1262 754 
1302 1205 418 
450 1334 466 
1405 665 1309 
988 95 837 
646 1166 653 
1147 456 333 
1032 1133 1146 
1110 1227 437 
716 458 1049 
1163 148 389 
615 113 494 
921 1087 802 
393 94 229 
1184 806 212 
578 1426 596 
1073 177 218 
1235 884 781 
540 951 903 
98 615 234 
811 423 719 
1014 1167 264 
276 878 1244 
404 1080 237 
411 1447 306 
612 475 128 
364 35 967 
1161 416 980 
1244 246 1255 
864 990 1135 
690 1239 1423 
822 617 1229 
132 337 1225 
1348 1095 831 
278 1059 532 
385 708 1048 
951 584 1204 
590 470 944 
1333 512 35 
1409 864 281 
1329 453 35 
1266 588 248 
788 206 789 
38 1329 513 
830 939 33 
46 670 1366 
528 992 1394 
1285 1146 1033 
981 798 427 
627 577 671 
1351 177 1130 
356 750 1270 
1258 927 236 
806 1288 547 
994 1333 350 
35 682 528 
34 130 1199 
416 295 1348 
804 105 1114 
1189 80 858 
931 95 177 
615 98 1147 
1180 445 979 
493 1426 1239 
98 500 1435 
256 41 417 
511 73 1000 
562 1157 672 
1114 204 15 
1379 1386 925 
1006 859 940 
754 950 612 
966 528 333 
1047 896 1002 
1022 501 241 
339 656 1303 
1433 867 1423 
629 441 1124 
980 233 417 
400 899 1119 
1334 416 795 
804 225 499 
268 446 414 
854 1450 1131 
1449 108 754 
754 356 994 
1184 1011 1266 
1171 1401 1421 
339 629 1239 
89 1071 873 
641 64 1334 
198 768 447 
1147 931 268 
644 825 988 
1291 1073 1344 
801 390 456 
62 1115 845 
780 396 1295 
451 1025 320 
283 500 1309 
1317 37 321 
1212 629 878 
885 1385 1216 
133 188 1119 
46 1134 42 
1033 808 1339 
917 182 188 
754 1110 531 
598 125 783 
1053 1169 893 
1006 456 1371 
652 321 992 
416 646 328 
578 1291 333 
856 233 27 
266 275 1319 
35 621 606 
543 703 622 
1328 1394 1118 
865 324 368 
1401 973 347 
348 916 1216 
545 14 1087 
477 995 1225 
596 1239 1423 
269 1045 473 
336 899 173 
1239 1424 503 
817 943 522 
279 221 312 
772 451 597 
370 332 268 
414 1349 640 
103 1184 852 
528 133 1328 
1250 1270 1232 
1244 95 594 
537 1296 622 
115 1322 588 
774 493 1129 
1152 941 1114 
820 1387 801 
44 1048 347 
428 1028 411 
515 786 138 
531 754 488 
855 528 303 
1218 1073 720 
903 268 1427 
368 833 215 
1001 458 575 
325 843 160 
183 1172 452 
938 1237 437 
204 878 1174 
1174 1291 1265 
1328 528 405 
1328 528 843 
427 899 921 
1439 324 941 
1147 1219 794 
981 117 427 
264 1382 130 
785 763 144 
820 1146 757 
1071 71 1212 
144 392 557 
1347 861 457 
702 313 200 
950 786 133 
1114 941 105 
322 933 1092 
856 1412 60 
1158 672 1344 
562 25 1183 
167 1143 52 
720 1255 248 
480 1013 307 
408 1089 948 
138 288 527 
456 234 1073 
967 35 682 
801 76 1146 
66 842 990 
1133 801 582 
325 1423 528 
549 907 440 
967 168 307 
356 967 651 
878 786 204 
1334 64 646 
1161 1209 339 
802 1020 578 
1207 14 380 
37 1087 1263 
793 1215 896 
195 748 76 
307 1219 948 
256 1384 494 
226 372 1115 
1332 1075 1385 
12 831 753 
198 21 1064 
1147 480 884 
204 720 1291 
275 241 1271 
696 451 597 
204 588 720 
493 1414 899 
174 503 1399 
421 1046 1072 
1178 1109 872 
446 1042 1401 
1002 1089 532 
874 191 25 
1291 461 801 
831 794 162 
598 907 132 
70 245 1311 
499 187 392 
133 515 325 
1040 29 941 
564 761 573 
513 364 799 
356 650 896 
302 184 948 
1426 1073 1291 
1146 475 748 
1259 450 626 
500 646 1336 
757 404 75 
817 110 199 
781 582 349 
937 364 1085 
1142 969 671 
76 1146 1209 
878 578 1375 
896 840 639 
154 527 720 
1089 392 1298 
1329 606 1005 
1141 353 1053 
671 899 371 
949 204 393 
215 368 893 
1155 967 498 
116 981 994 
1339 512 812 
1113 129 509 
42 904 563 
554 435 879 
199 694 1224 
831 211 782 
1185 102 1163 
306 801 730 
384 65 680 
597 617 1229 
629 1209 316 
167 93 1092 
988 332 931 
328 815 563 
1255 1147 234 
544 774 816 
1112 725 342 
610 1424 513 
5 782 794 
514 658 278 
578 1086 1020 
145 1225 337 
1355 819 19 
16 1384 393 
588 702 1244 
620 404 1333 
332 500 626 
920 33 1377 
34 935 867 
66 259 357 
325 786 133 
439 378 1339 
872 60 457 
347 866 234 
757 1209 161 
962 1006 903 
773 42 817 
269 473 531 
296 1008 1271 
545 1371 456 
1033 477 541 
1235 512 1212 
881 684 445 
233 680 1224 
626 794 450 
1412 891 80 
1006 1192 884 
1104 469 806 
130 671 1099 
1329 801 606 
416 341 500 
288 34 745 
902 1379 66 
846 412 1348 
1119 1423 642 
1070 786 950 
1310 815 1048 
28 915 327 
418 874 780 
496 805 417 
236 330 493 
255 22 780 
1169 357 66 
1064 1023 1290 
945 312 1067 
802 456 588 
237 435 404 
422 918 318 
1291 313 1159 
1307 684 1394 
450 315 169 
177 234 218 
668 376 916 
1250 582 1209 
890 389 1393 
195 1285 613 
801 441 1032 
1291 1387 404 
939 1273 250 
562 418 25 
357 675 1169 
272 400 364 
820 1122 801 
130 272 639 
290 1151 880 
1401 653 1171 
921 999 981 
1250 1255 582 
204 720 629 
865 66 685 
450 169 794 
521 815 1048 
233 206 813 
