1174 448 578 205 1087 
931 271 626 568 1259 
555 1349 235 1228 241 
907 132 598 541 1247 
948 149 135 1009 226 
831 782 1208 384 162 
14 37 456 545 688 
1250 1431 1209 688 847 
758 324 1339 899 701 
923 35 864 288 513 
1439 342 1064 690 596 
989 217 323 549 123 
767 831 753 782 162 
1322 499 276 164 1221 
1207 1264 759 545 6 
991 1149 103 720 1336 
254 1322 180 836 97 
1041 1076 1203 1198 1080 
222 851 1034 1181 1008 
1388 458 286 1432 531 
1152 264 1266 1097 281 
1023 1087 1064 1277 380 
1217 874 255 495 132 
1130 910 1375 426 1291 
528 1328 1306 992 760 
562 1302 1050 1205 1295 
35 963 86 1005 342 
1388 711 531 471 896 
870 915 327 622 35 
42 1322 1114 941 276 
336 350 316 84 899 
1443 606 806 390 513 
76 801 47 441 412 
840 503 182 1359 1112 
969 622 1199 1313 1333 
682 967 621 606 288 
1072 393 949 988 257 
545 380 1207 1265 1087 
609 684 1329 1016 444 
606 1005 154 453 941 
805 1114 475 161 1118 
932 1421 1153 159 646 
29 97 588 90 384 
1322 136 1193 480 237 
218 708 626 988 794 
76 1209 1133 847 757 
1366 957 1204 743 831 
792 629 1239 161 441 
1329 972 1328 672 528 
292 1244 254 1255 940 
967 754 612 954 424 
728 264 353 42 1173 
1187 545 1382 1193 886 
237 43 820 161 672 
645 350 75 173 1333 
393 42 993 1434 172 
872 1384 1123 836 1040 
1043 1064 1024 1371 852 
479 344 720 1255 1097 
15 646 991 161 597 
1114 457 872 164 187 
1325 147 1338 1079 88 
662 906 29 60 845 
426 517 137 64 1164 
1149 629 1033 646 756 
384 254 821 634 1192 
357 1379 875 1169 990 
477 947 989 853 495 
175 582 960 1006 382 
1423 1424 1265 1239 37 
245 784 260 1311 1000 
688 578 1212 14 932 
1278 1218 1073 1291 339 
1000 70 1311 449 511 
1206 357 893 1169 1053 
350 757 582 316 629 
801 748 1291 441 1209 
456 1334 333 572 1193 
1296 505 558 364 1137 
754 488 263 471 50 
858 1312 504 1412 1216 
1265 1321 1172 1087 532 
67 1114 871 1322 993 
867 1433 1239 528 1328 
1092 30 1209 899 336 
1147 414 626 1138 734 
1439 342 1239 1426 629 
820 577 134 382 1100 
464 901 204 981 1011 
655 175 899 671 482 
42 1204 315 384 952 
852 1176 1011 99 1271 
1371 292 1087 479 133 
1143 1250 167 886 1217 
950 899 393 350 1357 
1244 1028 177 234 626 
1092 30 1382 534 899 
42 988 494 1204 1382 
585 627 669 671 234 
1251 1087 899 1213 450 
1316 115 1201 901 1329 
989 598 549 477 132 
397 147 53 476 63 
699 1184 15 398 984 
1208 211 314 678 1204 
720 1219 398 742 1403 
964 566 31 637 620 
687 1216 691 118 955 
204 720 234 1147 1403 
320 1312 1027 703 534 
856 1312 680 27 948 
838 558 620 1333 84 
1415 1203 781 889 1149 
1384 577 1217 132 886 
1251 167 1203 886 1250 
1316 42 1082 704 588 
981 534 1300 899 724 
197 1311 772 696 511 
915 467 462 943 269 
1247 1271 101 74 191 
319 226 1003 372 1438 
1135 469 685 842 357 
757 1291 792 76 1161 
1314 255 477 1217 132 
1239 690 596 1423 1439 
1186 337 598 549 674 
1049 863 36 416 988 
461 1255 669 1375 878 
45 801 1029 684 76 
326 1376 1413 1113 275 
622 861 1377 896 1382 
823 1077 1343 1397 534 
337 598 255 1314 907 
786 528 325 515 700 
1304 1013 333 545 594 
899 1375 802 921 981 
1291 307 154 237 480 
63 141 544 816 397 
133 528 786 917 168 
1183 1158 1197 700 925 
460 721 37 666 1282 
945 264 1285 801 64 
1450 750 781 1203 872 
624 154 1174 1244 95 
732 1202 392 451 1429 
834 337 907 1225 1186 
1053 962 1349 931 346 
164 148 756 411 1180 
147 980 136 307 1219 
802 463 135 1375 1250 
994 173 620 116 981 
945 1246 969 822 597 
921 578 981 149 1119 
770 827 1024 1255 1375 
1291 136 480 499 246 
1262 325 515 843 717 
103 411 1184 333 658 
615 1182 252 585 976 
334 646 397 1437 1392 
276 1322 41 588 426 
1265 1302 325 418 594 
47 847 757 899 404 
782 831 767 12 5 
1299 1236 921 1119 1399 
781 204 588 1180 393 
838 475 979 496 81 
347 588 1014 846 1382 
30 750 886 1213 1187 
528 133 786 1328 1006 
450 903 200 957 794 
331 1144 985 1194 266 
306 781 1180 1122 820 
528 786 1344 735 1193 
350 1030 336 512 620 
1087 578 720 921 479 
68 1043 582 688 456 
528 1328 168 1124 1263 
884 234 218 1244 95 
1206 1365 865 966 259 
12 767 518 952 488 
16 254 836 148 53 
103 398 499 108 426 
1119 325 356 1291 188 
203 1264 1087 37 718 
302 594 393 71 886 
1336 974 64 1073 757 
981 1014 921 939 899 
1114 426 941 356 1403 
917 1119 182 669 672 
700 1118 672 182 786 
1231 1288 365 191 780 
255 780 1061 874 1050 
946 127 461 204 356 
606 941 1184 1282 304 
1333 350 1092 935 629 
820 1146 762 757 888 
359 1196 1222 1135 121 
899 981 812 1172 1133 
768 1064 734 876 21 
817 856 51 1224 256 
734 794 169 1147 450 
1293 895 1068 185 1209 
1310 815 869 575 211 
183 37 1087 1159 1265 
588 594 720 218 234 
1020 1395 339 175 1258 
1443 31 1116 214 948 
192 946 978 858 891 
1273 449 662 817 451 
1281 1159 313 1291 203 
175 594 760 545 1423 
818 1361 831 575 1348 
1291 404 1203 1090 820 
842 1428 685 259 1386 
233 486 206 31 496 
638 368 66 893 675 
965 1081 1168 998 541 
30 1357 1092 512 84 
177 884 582 204 234 
275 1206 893 241 95 
952 108 461 637 754 
1209 886 969 1357 316 
1008 1022 357 469 1181 
494 965 886 1357 94 
356 617 534 1375 827 
804 1036 412 1359 1294 
948 765 417 372 116 
1161 757 532 1087 1291 
1257 819 283 1355 1337 
949 579 41 1421 393 
535 1399 1424 999 1159 
903 169 714 883 584 
562 209 1386 925 189 
754 644 1116 499 856 
177 884 1244 1073 1255 
1378 1398 275 507 346 
482 1291 493 1303 688 
1423 1239 1114 335 1291 
1097 417 620 1005 754 
955 806 451 417 338 
1370 1077 534 1269 312 
275 1053 771 357 640 
1426 581 629 792 205 
14 37 545 1159 1333 
1237 417 529 711 531 
70 260 784 1311 1076 
594 456 333 1244 1291 
1451 1348 1096 1420 575 
204 899 720 629 742 
916 396 1186 984 337 
1229 913 1450 128 1184 
967 1291 1328 1394 324 
615 900 279 501 671 
1057 1248 475 454 551 
1266 49 204 1244 884 
1314 947 1050 123 191 
397 1384 494 764 577 
375 949 988 387 44 
422 290 810 880 1151 
1169 1379 357 1206 875 
245 70 1076 1260 594 
5 42 90 295 375 
35 682 967 621 86 
1262 1019 1328 79 717 
820 1285 1032 728 1124 
1169 675 1053 74 1206 
331 1108 986 456 1371 
1154 1171 1152 1401 52 
627 658 726 1259 794 
691 473 556 1045 789 
544 1123 1333 34 354 
884 931 626 234 177 
939 927 896 1112 457 
1159 1433 1328 1263 237 
937 1016 799 364 1443 
1271 702 95 1244 1028 
588 878 802 1244 786 
761 1014 355 287 750 
1241 347 942 981 658 
886 534 671 1251 582 
1219 1251 450 1132 931 
324 861 1444 453 1035 
882 938 609 564 789 
646 863 295 521 795 
1416 200 951 1350 332 
551 35 130 1215 454 
488 79 471 1292 1389 
1382 582 750 1213 277 
35 864 551 1333 34 
1251 204 1213 1387 545 
1151 422 258 897 880 
1350 384 773 105 200 
456 49 702 1244 234 
361 1095 599 177 95 
1276 322 668 1115 856 
416 988 521 1348 1403 
1271 1053 1028 1181 1223 
71 948 1241 854 884 
794 356 234 439 488 
899 629 774 493 773 
1255 356 594 1250 1291 
164 393 1100 1126 781 
1308 184 884 1061 1053 
621 35 405 528 168 
237 1180 1291 1317 992 
1133 671 969 899 750 
820 171 1122 390 445 
324 136 168 527 1291 
730 1080 212 316 1317 
893 1073 1426 1174 168 
1337 1175 773 957 42 
387 1352 658 1147 1041 
1081 1033 853 823 945 
1159 325 1291 1303 786 
716 521 846 1240 1074 
899 1219 794 1097 720 
1131 1209 350 1425 30 
94 217 116 1357 512 
931 450 658 414 794 
724 1092 1300 969 808 
981 948 1187 994 1143 
666 324 1317 890 1161 
737 933 981 1209 886 
1234 598 1186 123 337 
1277 307 527 545 1439 
843 515 133 786 1159 
1376 129 507 1141 222 
592 870 28 130 861 
678 863 416 646 500 
411 1193 49 1028 676 
1064 1087 873 545 204 
1013 266 1371 1184 1108 
95 839 234 988 347 
456 594 246 1122 1266 
1152 1182 108 1401 1171 
237 526 1423 404 1239 
30 350 84 415 1002 
947 132 598 1186 477 
513 882 799 937 142 
1303 757 1426 690 596 
1303 757 404 581 339 
863 846 416 570 563 
1439 10 237 1291 792 
1328 528 1291 1159 1239 
1219 720 58 330 315 
1439 404 1291 941 721 
1349 235 458 241 74 
846 1241 1375 234 332 
916 396 989 477 376 
175 781 582 798 1275 
75 1333 1131 316 629 
1427 1071 605 854 352 
1209 1033 1285 671 888 
264 1092 728 167 945 
400 645 618 1236 983 
499 1359 503 1424 1112 
182 300 1119 1291 1255 
893 74 259 66 1206 
672 917 1383 454 138 
436 875 524 215 66 
1309 44 599 716 458 
293 1095 1138 95 599 
638 1386 209 259 1379 
880 290 422 1151 346 
915 513 1029 592 799 
1061 874 22 780 191 
646 416 283 678 328 
746 1091 164 229 371 
966 1206 893 638 1169 
1080 212 392 564 404 
1141 177 218 626 95 
808 1357 629 1375 427 
226 724 427 981 779 
944 1170 1337 1018 460 
988 20 644 839 347 
257 988 44 1048 1166 
1101 853 947 822 597 
1298 432 528 892 1433 
1192 494 108 540 1097 
1206 1053 1108 962 210 
1207 37 545 1087 759 
71 1241 1017 30 981 
1033 1122 68 1255 1081 
629 774 1129 1409 757 
794 782 393 204 588 
601 1048 837 708 658 
1182 278 617 561 319 
658 257 1401 414 268 
1349 1008 555 258 2 
148 763 1044 349 806 
801 306 661 820 1184 
1270 812 617 1296 1339 
404 805 1089 1359 212 
204 588 1124 1434 594 
568 292 1318 1384 185 
116 1357 1300 1092 823 
495 463 418 477 1217 
256 59 102 159 264 
103 1262 720 1244 984 
74 1244 594 1379 529 
1299 1408 354 217 750 
441 1033 382 134 1213 
535 503 1394 840 34 
21 768 1174 246 940 
1239 124 1298 1161 1089 
1070 722 621 972 941 
1067 1092 981 945 1339 
962 1251 848 289 1097 
744 565 861 1089 457 
962 1242 296 640 1132 
1177 295 708 44 1243 
1028 456 985 781 329 
464 878 234 588 1291 
1409 774 86 527 342 
85 794 501 726 268 
1209 336 1397 75 1131 
646 517 563 863 412 
116 948 226 496 728 
1302 567 1055 160 995 
1099 76 1359 1291 1450 
292 702 1244 588 529 
776 87 216 1046 1058 
258 290 1151 880 640 
509 938 1128 586 531 
967 1328 606 1329 528 
802 127 461 878 1375 
878 588 276 1114 1232 
724 899 981 1133 135 
985 1028 709 411 781 
872 1288 40 250 1076 
1249 972 405 447 941 
12 767 27 1388 782 
1205 1328 418 1433 1263 
631 41 1318 93 280 
1358 1354 1181 1301 875 
629 1129 554 879 1239 
1108 466 1006 848 568 
1110 850 711 531 673 
949 1186 337 3 676 
298 488 1361 332 794 
382 976 1334 1033 795 
76 801 1033 643 1180 
1266 234 1375 1244 218 
1040 172 412 572 493 
1119 1424 1291 1215 1239 
628 1291 1118 700 1328 
1401 1340 387 1156 778 
941 526 1064 1282 198 
1174 578 721 1130 1207 
1031 73 208 1311 1039 
903 794 169 568 1251 
696 772 417 1273 744 
1291 1359 620 684 212 
606 1005 682 1291 272 
672 551 1215 528 1328 
1019 398 154 136 307 
1043 525 333 1371 986 
1403 1112 272 1114 981 
521 1054 716 1309 575 
1006 466 1108 568 986 
140 37 974 526 666 
127 781 1275 1291 1375 
703 556 1419 1003 269 
396 418 477 149 995 
412 878 720 917 528 
1087 759 1422 14 1207 
436 1108 568 459 450 
353 118 206 915 364 
975 95 1004 1243 234 
121 1104 685 35 1135 
306 603 590 820 171 
1019 488 108 1192 827 
1115 1155 948 467 462 
269 703 78 1142 691 
931 658 500 332 626 
1118 793 1359 684 1298 
1092 102 1392 646 64 
989 1225 1217 337 255 
1117 859 1006 198 1192 
688 204 1024 482 1255 
1122 1244 456 1291 594 
910 1291 39 720 345 
236 479 1258 688 1071 
1003 1430 118 1246 1286 
970 598 125 783 674 
1423 69 1328 760 237 
779 948 1067 214 728 
271 667 64 1212 646 
218 398 1171 952 332 
671 568 572 466 1334 
769 356 480 234 188 
549 1186 989 504 125 
807 1163 1447 437 180 
629 1239 899 1414 554 
1384 949 1072 577 256 
396 337 418 255 246 
872 475 417 392 816 
471 540 384 1019 488 
1075 1155 287 1283 811 
154 355 1114 1359 356 
795 1449 839 646 416 
292 1141 884 450 218 
808 899 242 1133 922 
1394 1120 1424 1359 867 
549 989 491 125 1247 
78 1296 937 513 799 
1081 393 579 87 877 
235 370 46 1398 1141 
276 1193 588 1244 43 
423 938 711 531 1237 
675 545 365 594 1206 
632 70 117 1092 245 
1131 1092 899 173 350 
1329 1080 364 35 212 
942 617 832 278 217 
786 325 133 1174 700 
1077 822 597 1067 696 
412 878 416 629 588 
204 234 626 218 1334 
445 1184 1341 307 827 
1074 1420 521 458 385 
1348 458 1166 866 1074 
694 943 817 208 1224 
530 1412 80 897 738 
359 962 1228 1427 318 
1043 456 986 1371 1290 
1043 1064 1023 1290 525 
878 412 324 941 720 
133 168 1328 700 1306 
1384 1251 127 1255 588 
891 338 858 1027 1094 
711 754 488 1237 967 
578 1087 1172 899 81 
3 1169 132 25 875 
999 1092 582 356 750 
230 103 1424 684 1239 
356 1119 182 620 597 
130 1450 703 750 94 
1020 1426 1212 629 596 
964 754 1287 753 967 
794 414 584 1147 658 
1225 255 874 853 132 
958 1265 1087 14 748 
969 475 683 308 212 
404 1333 816 59 435 
37 380 688 1087 1207 
147 416 397 328 102 
66 1271 1386 675 1053 
263 952 1019 488 471 
1217 598 989 337 1234 
854 512 750 1014 1339 
288 130 35 83 1329 
1239 1015 1291 1424 324 
922 899 671 808 1270 
981 629 493 435 1426 
2 1378 235 1349 275 
462 269 744 1137 505 
37 380 1207 1087 545 
1298 272 806 606 513 
941 21 69 481 725 
949 248 1020 204 532 
427 1270 135 899 1357 
25 1302 1050 255 892 
416 588 973 341 1240 
369 1080 355 1101 1047 
671 981 554 1092 1339 
1344 1262 754 954 1158 
1302 1205 418 995 1265 
450 1334 466 1033 394 
1405 665 1309 716 96 
988 95 837 341 234 
646 1166 653 716 283 
1147 456 333 175 480 
1032 1133 1146 847 503 
1110 1227 437 1237 938 
716 458 1049 1432 1309 
1163 148 389 353 459 
615 113 494 1384 886 
921 1087 802 688 545 
393 94 229 159 1322 
1184 806 212 1341 404 
578 1426 690 596 629 
1073 177 218 1133 884 
1235 884 781 177 218 
540 951 903 602 103 
98 615 234 627 671 
811 423 719 1135 244 
1014 1167 264 1124 393 
276 878 1244 204 594 
404 1080 237 879 435 
411 1447 306 603 1145 
612 475 128 1215 1394 
364 35 967 1329 1029 
1161 416 980 1319 1328 
1244 246 1255 1174 456 
864 990 1135 130 908 
690 1239 1423 1426 124 
822 617 1229 1435 889 
132 337 1225 907 783 
1348 1095 831 1208 293 
278 1059 532 1142 8 
385 708 1048 375 837 
951 584 1204 794 387 
590 470 944 306 1167 
1333 512 35 285 1029 
1409 864 281 8 288 
1329 453 35 1005 682 
1266 588 248 204 878 
788 206 789 564 338 
38 1329 513 606 684 
830 939 33 639 920 
46 670 1366 1348 1204 
528 992 1394 754 1328 
1285 1146 1033 801 1209 
981 798 427 242 901 
627 577 671 585 1255 
1351 177 1130 234 95 
356 750 1270 1357 582 
1258 927 236 1359 1399 
806 1288 547 1386 1008 
994 1333 350 838 801 
35 682 528 405 304 
34 130 1199 969 1143 
416 295 1348 1243 831 
804 105 1114 143 773 
1189 80 858 207 977 
931 95 177 1028 1138 
615 98 1147 268 127 
1180 445 979 485 1433 
493 1426 1239 435 802 
98 500 1435 127 781 
256 41 417 822 597 
511 73 1000 1311 117 
562 1157 672 188 925 
1114 204 15 230 806 
1379 1386 925 259 1223 
1006 859 940 1013 331 
754 950 612 566 954 
966 528 333 1206 1386 
1047 896 1002 1444 861 
1022 501 241 1053 296 
339 656 1303 175 581 
1433 867 1423 879 1298 
629 441 1124 404 493 
980 233 417 411 148 
400 899 1119 1120 1236 
1334 416 795 64 756 
804 225 499 42 785 
268 446 414 794 1259 
854 1450 1131 1209 415 
1449 108 754 426 471 
754 356 994 950 939 
1184 1011 1266 24 464 
1171 1401 1421 931 678 
339 629 1239 1303 124 
89 1071 873 808 236 
641 64 1334 582 756 
198 768 447 478 405 
1147 931 268 884 627 
644 825 988 1175 374 
1291 1073 1344 528 1070 
801 390 456 748 820 
62 1115 845 765 214 
780 396 1295 337 1320 
451 1025 320 1202 763 
283 500 1309 716 569 
1317 37 321 1198 721 
1212 629 878 921 435 
885 1385 1216 916 396 
133 188 1119 412 325 
46 1134 42 1152 1204 
1033 808 1339 1209 565 
917 182 188 1328 1118 
754 1110 711 531 1237 
598 125 783 101 337 
1053 1169 893 1206 510 
1006 456 1371 1108 175 
652 321 992 594 69 
416 646 328 653 988 
578 1291 333 802 76 
856 233 27 821 1192 
266 275 1319 1088 259 
35 621 606 1329 967 
543 703 622 364 1085 
1328 1394 1118 1159 1424 
865 324 368 1263 966 
1401 973 347 627 257 
348 916 1216 683 107 
545 14 1087 759 37 
477 995 1225 418 1217 
596 1239 1423 1426 124 
269 1045 473 789 78 
336 899 173 350 30 
1239 1424 503 1433 867 
817 943 522 199 1224 
279 221 312 1081 853 
772 451 822 597 417 
370 332 268 714 218 
414 1349 640 1156 1028 
103 1184 852 991 398 
528 133 1328 1158 1159 
1250 1270 1232 175 135 
1244 95 594 234 588 
537 1296 622 116 683 
115 1322 588 1167 276 
774 493 1129 299 618 
1152 941 1114 588 1239 
820 1387 801 404 212 
44 1048 347 837 988 
428 1028 411 1041 985 
515 786 138 1158 234 
531 754 488 1237 967 
855 528 303 168 172 
1218 1073 720 1291 1375 
903 268 1427 568 794 
368 833 215 1251 52 
1001 458 575 1166 204 
325 843 160 1328 155 
183 1172 452 209 203 
938 1237 437 592 1227 
204 878 1174 921 1375 
1174 1291 1265 37 69 
1328 528 405 1249 168 
1328 528 843 700 1159 
427 899 921 629 808 
1439 324 941 802 527 
1147 1219 794 1251 450 
981 117 427 724 899 
264 1382 130 30 51 
785 763 144 662 1429 
820 1146 757 1124 801 
1071 71 1212 578 899 
144 392 557 763 652 
1347 861 457 1080 896 
702 313 200 876 594 
950 786 133 588 528 
1114 941 105 963 263 
322 933 1092 264 543 
856 1412 60 858 220 
1158 672 1344 444 1399 
562 25 1183 1265 160 
167 1143 52 1246 969 
720 1255 248 781 1147 
480 1013 307 1006 168 
408 1089 948 779 805 
138 288 527 1377 963 
456 234 1073 884 1291 
967 35 682 1329 303 
801 76 1146 1124 1387 
66 842 990 215 865 
1133 801 582 1250 1450 
325 1423 528 517 1263 
549 907 440 101 132 
967 168 307 767 12 
356 967 651 612 233 
878 786 204 1367 1421 
1334 64 646 974 500 
1161 1209 339 792 1291 
802 1020 578 899 921 
1207 14 380 545 1087 
37 1087 1263 594 545 
793 1215 896 1394 503 
195 748 76 801 820 
307 1219 948 148 457 
256 1384 494 397 127 
226 372 1115 1089 948 
1332 1075 1385 1283 1165 
12 831 753 782 162 
198 21 1064 1277 1323 
1147 480 884 490 572 
204 720 1291 1114 535 
275 241 1271 1008 1181 
696 451 822 597 417 
204 588 720 899 248 
493 1414 899 629 921 
174 503 1399 1120 1424 
421 1046 1072 134 836 
1178 1109 872 805 882 
446 1042 1401 60 696 
1002 1089 532 899 981 
874 191 25 1231 365 
1291 461 801 234 1255 
831 794 162 384 315 
598 907 132 1225 477 
70 245 1311 117 1406 
499 187 392 941 1114 
133 515 325 843 528 
1040 29 941 292 1058 
564 761 573 639 823 
513 364 799 78 882 
356 650 896 1147 200 
302 184 948 245 254 
1426 1073 1291 757 1281 
1146 475 748 1032 820 
1259 450 626 1147 204 
500 646 1336 1334 1149 
757 404 75 316 441 
817 110 199 662 856 
781 582 349 1033 236 
937 364 1085 513 212 
1142 969 671 1099 221 
76 1146 1209 748 1285 
878 578 1375 1291 921 
896 840 639 899 1060 
154 527 720 480 412 
1089 392 1298 404 212 
1329 606 1005 805 1298 
1141 353 1053 743 626 
671 899 371 502 1339 
949 204 393 438 218 
215 368 893 357 1008 
1155 967 498 1237 287 
116 981 994 701 1097 
1339 512 812 1133 1357 
1113 129 509 1376 423 
42 904 563 1048 965 
554 435 879 496 1129 
199 694 1224 256 797 
831 211 782 767 12 
1185 102 1163 980 1134 
306 801 730 1146 895 
384 65 680 1117 42 
597 617 1229 1435 889 
629 1209 316 582 312 
167 93 1092 323 1250 
988 332 931 108 658 
328 815 563 904 314 
1255 1147 234 1375 1192 
544 774 816 404 779 
1112 725 342 1117 919 
610 1424 513 1433 355 
5 782 794 957 599 
514 658 278 1241 942 
578 1086 1020 921 999 
145 1225 337 477 853 
1355 819 19 228 1268 
16 1384 393 1072 965 
588 702 1244 878 786 
620 404 1333 554 212 
332 500 626 794 988 
920 33 1377 203 182 
34 935 867 589 78 
66 259 357 685 635 
325 786 133 717 515 
439 378 1339 315 58 
872 60 457 1114 62 
347 866 234 412 1171 
757 1209 161 339 899 
962 1006 903 450 1251 
773 42 817 686 1259 
269 473 531 711 327 
296 1008 1271 848 1308 
545 1371 456 1184 37 
1033 477 541 312 67 
1235 512 1212 649 550 
881 684 445 1359 1146 
233 680 1224 658 108 
626 794 450 769 1259 
1412 891 80 1312 1182 
1006 1192 884 246 168 
1104 469 806 1121 1135 
130 671 1099 281 1339 
1329 801 606 1408 535 
416 341 500 846 646 
288 34 745 9 35 
902 1379 66 966 685 
846 412 1348 200 521 
1119 1423 642 960 188 
1070 786 950 843 1344 
1310 815 1048 202 46 
28 915 327 622 35 
418 874 780 22 995 
496 805 417 1077 806 
236 330 493 921 89 
255 22 780 541 191 
1169 357 66 259 1379 
1064 1023 1290 734 1043 
945 312 1067 853 823 
802 456 588 412 133 
237 435 404 1423 1303 
422 918 318 414 1349 
1291 313 1159 182 209 
1307 684 1394 496 338 
450 315 169 200 903 
177 234 218 1244 1255 
668 376 916 1234 1216 
1250 582 1209 1033 932 
890 389 1393 864 745 
195 1285 613 1033 757 
801 441 1032 1415 823 
1291 1387 404 1087 899 
939 1273 250 948 1241 
562 418 25 432 780 
357 675 1169 1206 74 
272 400 364 703 512 
820 1122 801 306 480 
130 272 639 939 927 
290 1151 880 363 1242 
1401 653 1171 334 1340 
921 999 981 578 629 
1250 1255 582 886 1244 
204 720 629 1020 921 
865 66 685 259 1379 
450 169 794 200 626 
521 815 1048 678 458 
233 206 813 214 417 
